4 0.0608847 0.726419 0.12144 0.220344 0.90984
1 0.128772 0.764402 0.0174863 0.0813366 0.701065
1 0.670635 0.681042 0.0102802 0.0283361 0.189715
1 0.70322 0.653461 0.00575285 0.0281681 0.136088
1 0.870564 0.960971 0.00593014 0.0298925 0.0706687
1 0.832393 0.96191 0.00733166 0.0317076 0.070359
1 0.716829 0.962462 0.00593681 0.0301554 0.0515392
4 0.400213 0.681607 0.0255747 0.0480833 0.0409786
1 0.682401 0.96121 0.00722351 0.0278136 0.0255274
0 0.128869 0.764613 0.0180295 0.0828281 0.0229521
2 0.671051 0.681126 0.00958481 0.0281221 0.0228341
1 0.853619 0.964076 0.00651512 0.0305584 0.0217243
1 0.771824 0.963697 0.0084661 0.0353485 0.0148062
1 0.775901 0.963785 0.00717373 0.0312897 0.0129454
1 0.778147 0.963349 0.00747199 0.0333059 0.0128766
1 0.671596 0.961494 0.00673924 0.027979 0.0128195
1 0.654837 0.681637 0.0106207 0.025971 0.0120948
1 0.693624 0.960686 0.0076395 0.0278347 0.0120151
1 0.842307 0.963914 0.00877991 0.0316832 0.0117475
1 0.705534 0.961874 0.00776787 0.0281401 0.0101308
1 0.647446 0.680346 0.00571899 0.0283232 0.0098111
1 0.732699 0.962358 0.00614986 0.0329607 0.00975044
1 0.757033 0.96406 0.00917129 0.0371706 0.00927263
1 0.655028 0.961431 0.00725374 0.0294133 0.0092529
3 0.0607757 0.725649 0.120495 0.216634 0.0080582
1 0.630332 0.961119 0.00894966 0.0292023 0.00797523
1 0.671917 0.679006 0.0145486 0.0334126 0.00792009
1 0.837005 0.963542 0.0095993 0.0338033 0.0077669
1 0.804148 0.961612 0.00733948 0.0331399 0.00743083
0 0.0607757 0.725649 0.120495 0.216634 0.00697818
2 0.0612359 0.725509 0.121261 0.217084 0.00679733
1 0.510632 0.769048 0.0100729 0.0959088 0.00637419
1 0.0607757 0.725649 0.120495 0.216634 0.00616134
5 0.0607757 0.725649 0.120495 0.216634 0.00599278
4 0.70322 0.653461 0.00575285 0.0281681 0.0051463
1 0.891883 0.964357 0.0077074 0.0304036 0.004654
2 0.129392 0.765923 0.0180042 0.0832499 0.00423383
1 0.880818 0.965383 0.00883369 0.0324978 0.00411248
1 0.126742 0.751837 0.0188602 0.112519 0.00373137
1 0.907634 0.966846 0.00726166 0.0306858 0.00349837
4 0.128395 0.764457 0.0171764 0.0832879 0.00349422
3 0.129083 0.765136 0.0170896 0.0843484 0.00346432
1 0.19 0.724872 0.00700703 0.0398422 0.00334972
5 0.128395 0.764457 0.0171764 0.0832879 0.00317959
1 0.873228 0.689694 0.00824337 0.0484021 0.00304097
2 0.671414 0.679912 0.0145197 0.0322082 0.00301605
1 0.689389 0.962341 0.0118629 0.0268748 0.00264749
4 0.670635 0.681042 0.0102802 0.0283361 0.00258723
1 0.644559 0.962065 0.00939665 0.0274423 0.00250314
1 0.737306 0.650416 0.00818224 0.0303897 0.00241291
1 0.827739 0.963595 0.00814304 0.0325879 0.00235477
1 0.822786 0.964461 0.00857372 0.0317405 0.00231402
1 0.801618 0.962083 0.00648594 0.033964 0.00225719
1 0.511658 0.773361 0.0156708 0.0920742 0.00212911
1 0.674501 0.96354 0.00705175 0.027822 0.00209885
0 0.70322 0.653461 0.00575285 0.0281681 0.00192127
1 0.70758 0.962435 0.0132373 0.0291158 0.00186885
1 0.915402 0.968376 0.00967236 0.0295841 0.00177347
1 0.797299 0.964321 0.00701504 0.0325734 0.00173071
1 0.703264 0.651752 0.0110329 0.0323418 0.00167236
1 0.400018 0.680356 0.0239966 0.0464936 0.00167105
1 0.595466 0.674627 0.00508051 0.0242819 0.00161489
1 0.661535 0.678487 0.0106161 0.0288408 0.00161005
1 0.623868 0.962558 0.00781221 0.0285738 0.00149533
1 0.708832 0.653714 0.00644102 0.0310199 0.00147026
1 0.165202 0.731682 0.00857341 0.0537406 0.00146708
1 0.627025 0.961853 0.0073391 0.0264716 0.0014229
0 0.670635 0.681042 0.0102802 0.0283361 0.00136858
1 0.736394 0.658678 0.0102754 0.0486789 0.00128018
2 0.70322 0.653461 0.00575285 0.0281681 0.00127179
1 0.832572 0.961133 0.0134134 0.0343718 0.0012533
1 0.908756 0.964386 0.0107004 0.0326474 0.00123016
3 0.978369 0.868682 0.0412968 0.0464003 0.00116561
5 0.670635 0.681042 0.0102802 0.0283361 0.00108788
1 0.287825 0.723592 0.00889215 0.0696035 0.00106347
1 0.740284 0.658367 0.00995741 0.0489128 0.00102328
