4 0.775132 0.677612 0.0984525 0.192813 0.886852
0 0.371563 0.745463 0.0197997 0.0529626 0.631902
1 0.37194 0.748374 0.0184449 0.0648943 0.0878589
3 0.77525 0.675857 0.0968854 0.189976 0.0139648
4 0.783855 0.669203 0.154847 0.223415 0.0131837
0 0.774626 0.677229 0.0988474 0.195934 0.0126511
2 0.775261 0.677647 0.0950392 0.192906 0.00890369
1 0.773795 0.675715 0.0997127 0.191674 0.0067579
5 0.775261 0.677647 0.0950392 0.192906 0.00641525
1 0.609565 0.678927 0.0136805 0.0533566 0.00511715
4 0.37194 0.748374 0.0184449 0.0648943 0.00400716
4 0.762271 0.093212 0.121635 0.170178 0.00369672
1 0.57728 0.640602 0.00719395 0.0372772 0.00328028
1 0.368179 0.659961 0.010756 0.0562917 0.002605
2 0.371563 0.745463 0.0197997 0.0529626 0.00225426
0 0.371874 0.74557 0.0249588 0.0707889 0.00222102
3 0.371646 0.745464 0.0190419 0.0515918 0.00167061
5 0.371544 0.745788 0.018955 0.053324 0.00156323
