4 0.302915 0.713652 0.0731982 0.148909 0.923737
1 0.915775 0.643676 0.00846882 0.05613 0.105496
4 0.731402 0.84887 0.185032 0.247129 0.0461432
0 0.915641 0.643067 0.00948257 0.0540572 0.041747
1 0.648846 0.77872 0.0184418 0.108534 0.0234531
4 0.516442 0.720534 0.0873949 0.157252 0.0196883
4 0.30526 0.719849 0.16555 0.217417 0.0108926
0 0.303186 0.714368 0.0714344 0.1451 0.0108837
2 0.304121 0.713826 0.0721061 0.147305 0.00918143
5 0.302426 0.713131 0.0735344 0.149502 0.00802434
3 0.649208 0.779396 0.0195076 0.11217 0.00799361
1 0.303186 0.714368 0.0714344 0.1451 0.00797611
4 0.66842 0.690377 0.0365381 0.0947822 0.0061441
3 0.302426 0.713131 0.0735344 0.149502 0.00605185
3 0.651244 0.760447 0.0241003 0.160543 0.00350752
4 0.656962 0.706619 0.023764 0.0975945 0.00264881
1 0.858713 0.676839 0.00737991 0.0370043 0.00259473
0 0.731722 0.849633 0.186078 0.247593 0.00243986
4 0.676551 0.704406 0.0508121 0.122591 0.0021781
4 0.671342 0.674196 0.030435 0.0815169 0.00211197
0 0.516442 0.720534 0.0873949 0.157252 0.00180204
4 0.651244 0.760447 0.0241003 0.160543 0.00142895
3 0.733014 0.846286 0.186048 0.259224 0.00135032
1 0.876047 0.674686 0.00947895 0.0397664 0.00134571
5 0.731722 0.849633 0.186078 0.247593 0.00116405
1 0.869874 0.677099 0.00975571 0.0391669 0.0010115
