1 0.846169 0.820688 0.0239365 0.165917 0.902236
1 0.714833 0.776185 0.0122972 0.103334 0.90157
1 0.920293 0.841479 0.0253437 0.204579 0.884865
1 0.791077 0.804728 0.0174992 0.142858 0.870498
1 0.748383 0.787085 0.0150625 0.118134 0.853446
1 0.667952 0.760987 0.0106736 0.0834522 0.851911
1 0.689688 0.768396 0.0119197 0.0959308 0.769304
1 0.621755 0.738523 0.00835266 0.0644294 0.707071
1 0.648997 0.749125 0.00934219 0.0748557 0.681829
1 0.6518 0.751891 0.0115432 0.0805493 0.557231
1 0.634807 0.74209 0.00930443 0.0678624 0.523451
1 0.606914 0.735863 0.00830898 0.0570804 0.445082
1 0.582015 0.727262 0.00756407 0.0496465 0.219709
1 0.592525 0.729803 0.00874081 0.0514655 0.182641
1 0.586329 0.728934 0.0108649 0.0482123 0.166358
1 0.579847 0.726066 0.0086503 0.0466324 0.126469
1 0.556081 0.71419 0.00831566 0.0388011 0.0892302
1 0.667573 0.760053 0.0187016 0.0869381 0.0851939
1 0.921126 0.846164 0.0236015 0.130218 0.0673396
1 0.594396 0.729876 0.0158807 0.0505268 0.0667805
1 0.605162 0.731711 0.00995073 0.0560786 0.0495496
1 0.355759 0.713659 0.0127407 0.0463754 0.0413996
1 0.546223 0.712914 0.00802183 0.0336512 0.0357017
1 0.617 0.736817 0.0162966 0.0564672 0.0298842
1 0.624373 0.740352 0.0151843 0.064858 0.0197378
2 0.355759 0.713659 0.0127407 0.0463754 0.0190094
1 0.688192 0.748317 0.00903368 0.0623647 0.0127931
1 0.345317 0.713488 0.0122582 0.0430666 0.0127359
1 0.565291 0.718875 0.0107144 0.0442218 0.0107227
0 0.92026 0.840831 0.0270546 0.202253 0.0103278
3 0.920293 0.841479 0.0253437 0.204579 0.0101838
1 0.554573 0.714256 0.0141591 0.039132 0.00950565
1 0.586 0.727275 0.0170465 0.0520905 0.00813102
1 0.711608 0.770748 0.0126782 0.102635 0.00797533
5 0.92026 0.840831 0.0270546 0.202253 0.00770081
4 0.919571 0.841285 0.0265503 0.200249 0.00757749
1 0.734809 0.96327 0.00638714 0.0319951 0.00711158
3 0.845937 0.81954 0.0242853 0.167291 0.00685258
1 0.579847 0.723798 0.0146073 0.0485959 0.00678914
1 0.54923 0.715286 0.0121785 0.0380744 0.00677003
2 0.919571 0.841285 0.0265503 0.200249 0.00661386
5 0.845937 0.81954 0.0242853 0.167291 0.00656474
0 0.790828 0.804642 0.0172977 0.143878 0.00653359
0 0.688889 0.768899 0.0155021 0.0933563 0.00626247
3 0.790752 0.80237 0.0175982 0.142045 0.00611577
4 0.845937 0.81954 0.0242853 0.167291 0.00610324
1 0.620421 0.731634 0.00835381 0.0576881 0.00606547
0 0.714235 0.777538 0.0142847 0.0980019 0.0059541
2 0.790797 0.802225 0.0170876 0.144815 0.00592719
1 0.634699 0.740319 0.015476 0.0626534 0.0058473
0 0.845707 0.819996 0.0248533 0.170586 0.00562582
2 0.84613 0.820016 0.0231033 0.164634 0.00540542
1 0.602543 0.732452 0.0173116 0.0530611 0.00536832
1 0.543947 0.710138 0.0105916 0.0334754 0.00454144
0 0.667639 0.760819 0.0109015 0.0825192 0.00444918
1 0.70782 0.778304 0.0389582 0.114117 0.00444667
5 0.790752 0.80237 0.0175982 0.142045 0.0043881
0 0.747925 0.788069 0.0164697 0.125625 0.00402645
3 0.747925 0.788069 0.0164697 0.125625 0.00400293
1 0.554089 0.710107 0.00880871 0.0367803 0.00394286
2 0.714641 0.780154 0.0115108 0.100679 0.00370147
2 0.345317 0.713488 0.0122582 0.0430666 0.0035345
4 0.790797 0.802225 0.0170876 0.144815 0.00347846
3 0.714602 0.778284 0.0119692 0.1032 0.00332378
3 0.689688 0.768396 0.0119197 0.0959308 0.00321264
5 0.747925 0.788069 0.0164697 0.125625 0.00320717
2 0.667056 0.761454 0.0109709 0.0834493 0.00277842
1 0.75164 0.79979 0.0153282 0.117508 0.00267511
1 0.749269 0.787298 0.0225851 0.139172 0.00261242
1 0.342439 0.713746 0.00927567 0.0446101 0.00258432
1 0.688709 0.767781 0.0243441 0.101099 0.00256909
3 0.667639 0.760819 0.0109015 0.0825192 0.0025172
2 0.747925 0.788069 0.0164697 0.125625 0.00250669
4 0.748192 0.787342 0.0153232 0.119766 0.00243519
5 0.714171 0.778414 0.0129636 0.105771 0.00242046
2 0.689369 0.768313 0.01205 0.096088 0.00239994
3 0.216645 0.436502 0.0937414 0.680096 0.00227502
0 0.621518 0.738875 0.00896788 0.0614163 0.00225767
1 0.539175 0.712899 0.0134422 0.0367849 0.0021925
1 0.348275 0.712602 0.0202857 0.0422923 0.00206018
3 0.6518 0.751891 0.0115432 0.0805493 0.0020189
1 0.71351 0.776043 0.0227254 0.10715 0.00201058
5 0.689237 0.768403 0.01311 0.0987037 0.00200084
4 0.689794 0.769589 0.0152996 0.0945945 0.00199031
0 0.667573 0.760053 0.0187016 0.0869381 0.00193597
4 0.714602 0.778284 0.0119692 0.1032 0.00190967
1 0.843905 0.962886 0.00857658 0.0286165 0.00189515
1 0.532798 0.709129 0.0140217 0.0346997 0.00181646
0 0.651706 0.752234 0.0129059 0.0823393 0.00181022
0 0.648773 0.748819 0.0098856 0.076682 0.00175995
3 0.634807 0.74209 0.00930443 0.0678624 0.00174385
4 0.667056 0.761454 0.0109709 0.0834493 0.00164818
2 0.621518 0.738875 0.00896788 0.0614163 0.00163311
5 0.64872 0.746923 0.0110169 0.071189 0.00160882
4 0.621518 0.738875 0.00896788 0.0614163 0.00157729
3 0.620733 0.737039 0.00962028 0.0638101 0.00154742
5 0.667952 0.760987 0.0106736 0.0834522 0.00153087
1 0.35916 0.712417 0.0106343 0.0424096 0.00151495
3 0.648997 0.749125 0.00934219 0.0748557 0.00142178
4 0.648997 0.749125 0.00934219 0.0748557 0.00139141
2 0.348275 0.712602 0.0202857 0.0422923 0.00138301
1 0.239862 0.781801 0.0106787 0.0697383 0.00135102
3 0.713001 0.77833 0.0197863 0.100435 0.00134427
5 0.634807 0.74209 0.00930443 0.0678624 0.00126057
2 0.648773 0.748819 0.0098856 0.076682 0.00125773
4 0.582015 0.727262 0.00756407 0.0496465 0.00124898
3 0.606183 0.732656 0.0112406 0.0558556 0.00123916
4 0.713001 0.77833 0.0197863 0.100435 0.00122363
4 0.634391 0.742612 0.0101885 0.0671941 0.00119572
3 0.921126 0.846164 0.0236015 0.130218 0.00118634
5 0.6518 0.751891 0.0115432 0.0805493 0.00118443
4 0.592525 0.729803 0.00874081 0.0514655 0.00115599
5 0.621755 0.738523 0.00835266 0.0644294 0.00112518
4 0.607046 0.73607 0.00932169 0.0529449 0.00110352
0 0.634391 0.742612 0.0101885 0.0671941 0.00108092
3 0.042668 0.384467 0.0693856 0.367326 0.00108077
2 0.607046 0.73607 0.00932169 0.0529449 0.00107684
4 0.6518 0.751891 0.0115432 0.0805493 0.00106878
2 0.713001 0.77833 0.0197863 0.100435 0.00104739
2 0.634391 0.742612 0.0101885 0.0671941 0.00102011
2 0.651706 0.752234 0.0129059 0.0823393 0.00100234
