1 0.139492 0.737276 0.00580494 0.0448798 0.369426
1 0.114435 0.795408 0.0158958 0.130674 0.0737525
4 0.392228 0.697519 0.02568 0.0589072 0.0232504
1 0.510903 0.917065 0.0295008 0.16587 0.00844236
1 0.139229 0.736011 0.0108444 0.0510883 0.00730488
1 0.138505 0.731499 0.00717201 0.0484165 0.00587243
1 0.156685 0.733414 0.00593638 0.0479106 0.00323338
1 0.137939 0.740625 0.00589805 0.0468582 0.00322893
1 0.11575 0.76717 0.0135196 0.134221 0.00142761
1 0.161706 0.732864 0.00968544 0.042072 0.00140848
4 0.139492 0.737276 0.00580494 0.0448798 0.00122279
3 0.114407 0.793324 0.0165434 0.137766 0.0011606
1 0.156927 0.728259 0.00902073 0.0573269 0.0011288
0 0.139138 0.737341 0.00713174 0.0455404 0.00110605
1 0.115108 0.792422 0.0251719 0.148079 0.00106862
0 0.510903 0.917065 0.0295008 0.16587 0.00100426
