1 0.0478272 0.55594 0.0100387 0.0902039 0.119028
1 0.204921 0.577755 0.00903034 0.035144 0.0935239
1 0.110381 0.566567 0.00844312 0.0555195 0.0810888
1 0.293283 0.709672 0.0192882 0.105076 0.0739554
0 0.204921 0.577755 0.00903034 0.035144 0.0669723
1 0.286204 0.715759 0.0209222 0.113218 0.0597893
3 0.81033 0.413299 0.0338634 0.0858771 0.0523444
1 0.0139295 0.546213 0.00806786 0.0594621 0.0460001
1 0.299693 0.704489 0.0169041 0.0977532 0.0279131
1 0.281299 0.72411 0.0184108 0.113579 0.0208084
1 0.242645 0.580465 0.00773253 0.0419621 0.0178793
1 0.243974 0.575627 0.00885243 0.0352946 0.0161246
1 0.325257 0.695823 0.0152638 0.100278 0.0155295
1 0.595949 0.613758 0.00969744 0.0336413 0.0152324
1 0.231105 0.57592 0.00966706 0.0348471 0.0129448
1 0.611365 0.615188 0.0122949 0.0344078 0.0123516
1 0.60497 0.615299 0.0147161 0.034414 0.0112141
1 0.232471 0.580412 0.00851913 0.0393084 0.00886395
1 0.134372 0.567712 0.00921516 0.0501113 0.00878404
1 0.247317 0.576451 0.0125688 0.0374856 0.00861184
1 0.241698 0.5778 0.0128838 0.0405752 0.00792614
3 0.809702 0.474305 0.0340899 0.201776 0.00754655
1 0.0804648 0.562628 0.00818281 0.0712725 0.00712628
1 0.222042 0.579556 0.0131347 0.0336411 0.00705077
1 0.232304 0.578092 0.0149677 0.0375921 0.00704477
0 0.557808 0.618339 0.0110927 0.0368571 0.0069237
0 0.205213 0.576782 0.0145439 0.0377263 0.00646849
1 0.304324 0.704172 0.018209 0.10249 0.00644749
0 0.222902 0.578961 0.0148278 0.032987 0.00562869
1 0.328838 0.69278 0.0146362 0.0933027 0.00515763
1 0.557808 0.618339 0.0110927 0.0368571 0.00365702
1 0.590312 0.613852 0.00834331 0.0349212 0.00351699
1 0.205213 0.576782 0.0145439 0.0377263 0.00339869
1 0.218256 0.574821 0.00980229 0.0363616 0.00320635
1 0.239466 0.668018 0.0162734 0.110441 0.00318566
1 0.31984 0.700388 0.01653 0.0959051 0.0030432
1 0.498897 0.621709 0.00888481 0.0623051 0.00290015
1 0.110065 0.566018 0.0132139 0.0621101 0.00288799
1 0.279954 0.743672 0.0144675 0.0792954 0.00226694
1 0.616483 0.614405 0.0109554 0.0328152 0.00224499
1 0.0137937 0.545944 0.0127464 0.0653786 0.00211851
1 0.0483212 0.561775 0.0148184 0.102138 0.00210371
1 0.261725 0.573838 0.00877318 0.0388415 0.00192695
1 0.709741 0.622883 0.00886631 0.0580743 0.00188974
1 0.264335 0.572418 0.0070312 0.0401749 0.00185314
1 0.202484 0.572297 0.0110913 0.0430246 0.00170327
0 0.555996 0.618527 0.0171735 0.0440068 0.00165222
1 0.552372 0.618584 0.0106037 0.0436508 0.00159312
0 0.0140649 0.550423 0.0107168 0.067032 0.00154012
2 0.204596 0.579138 0.00878258 0.0325787 0.00139892
1 0.977006 0.864842 0.0436417 0.090244 0.0013717
1 0.810386 0.410358 0.0351061 0.0894719 0.00134241
0 0.8107 0.413501 0.0338371 0.0865877 0.001303
1 0.334156 0.688818 0.0158174 0.087724 0.00113835
3 0.807704 0.41477 0.0465918 0.141665 0.00113759
0 0.110381 0.566567 0.00844312 0.0555195 0.00113058
3 0.0478272 0.55594 0.0100387 0.0902039 0.00110741
1 0.672983 0.605805 0.00755491 0.0465343 0.00102893
1 0.284991 0.740698 0.0153487 0.0640261 0.00102374
