1 0.220488 0.76301 0.0239497 0.157885 0.888423
1 0.0985297 0.685066 0.0145412 0.113678 0.869536
1 0.0643563 0.691116 0.0158963 0.122932 0.865369
1 0.251739 0.744061 0.017542 0.125368 0.846239
1 0.0244015 0.698988 0.0174155 0.126452 0.808281
1 0.177858 0.775106 0.0210568 0.125608 0.777386
1 0.153976 0.672799 0.0116921 0.0970936 0.772051
1 0.275665 0.726085 0.015273 0.11395 0.742341
1 0.294407 0.707734 0.016493 0.110702 0.693362
1 0.127548 0.677501 0.012789 0.103561 0.667113
1 0.334835 0.683837 0.0110056 0.0871565 0.603753
1 0.30957 0.696954 0.0144173 0.108111 0.603165
1 0.319383 0.689003 0.0182253 0.102547 0.510103
1 0.247107 0.746598 0.0286609 0.143769 0.379012
1 0.332839 0.68256 0.0179365 0.094711 0.366705
1 0.151434 0.682437 0.0148695 0.11276 0.348883
1 0.314901 0.697522 0.0176423 0.0926346 0.347755
1 0.125821 0.70558 0.0181254 0.149762 0.264548
1 0.306572 0.701395 0.0257017 0.104874 0.230297
1 0.262477 0.73032 0.0338033 0.131077 0.225052
1 0.194518 0.669315 0.00925169 0.0736936 0.208073
1 0.12428 0.746049 0.023352 0.186936 0.180221
1 0.286655 0.715259 0.0356694 0.115009 0.159608
1 0.133919 0.678415 0.0210206 0.0978359 0.102008
1 0.303913 0.714131 0.0148644 0.0832016 0.0643129
1 0.176074 0.745766 0.0225029 0.174333 0.0628792
1 0.118938 0.682446 0.0247293 0.110949 0.0572092
1 0.348913 0.637847 0.012771 0.0864285 0.0451215
1 0.0470399 0.791455 0.0179489 0.0852446 0.0431955
1 0.278341 0.706498 0.0190452 0.132161 0.033832
0 0.797033 0.619865 0.0204817 0.115045 0.032443
1 0.274034 0.706221 0.0156594 0.127484 0.0313684
1 0.298572 0.693205 0.0202319 0.116871 0.0299744
1 0.275953 0.724819 0.0251592 0.125418 0.0287279
1 0.346087 0.649157 0.0147389 0.0889493 0.0273154
1 0.0631813 0.6917 0.0241289 0.135748 0.0217886
0 0.821254 0.565557 0.010037 0.0290326 0.0208286
1 0.122687 0.771704 0.0228637 0.12043 0.017172
1 0.797339 0.618284 0.0193768 0.109447 0.0145143
1 0.319674 0.690926 0.0295808 0.108642 0.0138696
1 0.0998594 0.708841 0.0171079 0.137837 0.0136748
1 0.029926 0.709948 0.0269046 0.162525 0.0105497
1 0.105205 0.691336 0.0295487 0.139517 0.0104276
0 0.220368 0.762079 0.0238375 0.162143 0.00986741
1 0.0174766 0.69356 0.0186322 0.117226 0.00952865
0 0.832342 0.565035 0.00889454 0.0305211 0.00950063
0 0.0638175 0.691181 0.0161782 0.125253 0.00857051
1 0.0895099 0.688228 0.0342199 0.123386 0.00855106
0 0.177454 0.774318 0.0204037 0.124443 0.00837144
1 0.832342 0.565035 0.00889454 0.0305211 0.00830294
2 0.219997 0.761994 0.0238739 0.160181 0.00823515
0 0.0235407 0.697427 0.0195646 0.124942 0.00776963
3 0.220625 0.762853 0.0230673 0.157287 0.0076744
4 0.219997 0.761994 0.0238739 0.160181 0.00750863
4 0.151897 0.157375 0.303794 0.31197 0.00743921
1 0.834186 0.562944 0.00773106 0.0329351 0.00734384
5 0.220519 0.762519 0.0242706 0.157745 0.00699998
3 0.178266 0.775089 0.0212818 0.125093 0.00697189
1 0.191933 0.666871 0.0137862 0.0843072 0.00652601
1 0.3386 0.683694 0.0186905 0.0888141 0.00631704
0 0.251519 0.740631 0.0181472 0.134932 0.00600326
3 0.251877 0.743924 0.018043 0.126045 0.00575151
0 0.0982274 0.68606 0.01441 0.115466 0.00530848
1 0.918656 0.590769 0.00816212 0.0568782 0.00524727
1 0.381499 0.630152 0.00977345 0.0723495 0.00486123
3 0.0236498 0.700117 0.0191556 0.126772 0.00478742
1 0.314501 0.714153 0.0132717 0.0718258 0.00473802
4 0.0236498 0.700117 0.0191556 0.126772 0.00473141
1 0.891927 0.578293 0.008144 0.0612327 0.00470701
3 0.364136 0.317228 0.129125 0.634456 0.00461872
2 0.177362 0.767349 0.0219012 0.14316 0.00455033
1 0.12816 0.73101 0.0148079 0.130804 0.00449345
3 0.0643659 0.691049 0.016214 0.12346 0.00438824
1 0.866153 0.564808 0.00840454 0.0419572 0.00428769
3 0.0985297 0.685066 0.0145412 0.113678 0.00410539
5 0.0236498 0.700117 0.0191556 0.126772 0.00409848
0 0.834186 0.562944 0.00773106 0.0329351 0.00402793
0 0.332311 0.685028 0.0154225 0.0942655 0.00390696
1 0.151828 0.562529 0.00719695 0.044083 0.00385668
4 0.0637334 0.69343 0.0169635 0.125504 0.00382542
5 0.251519 0.740631 0.0181472 0.134932 0.00380261
1 0.27849 0.676873 0.0163931 0.108539 0.00377845
5 0.0982274 0.68606 0.01441 0.115466 0.00365964
5 0.176458 0.765059 0.0209868 0.149929 0.00365898
3 0.294761 0.707871 0.0167924 0.11102 0.00363421
0 0.313678 0.69412 0.0200558 0.100646 0.00360414
5 0.0638175 0.691181 0.0161782 0.125253 0.00358369
2 0.0643407 0.692328 0.0168405 0.125329 0.00356949
3 0.277237 0.715947 0.0171551 0.11988 0.00356337
3 0.127878 0.677325 0.0128014 0.10392 0.00356292
1 0.0270287 0.714147 0.0161089 0.11408 0.00354812
2 0.251422 0.743925 0.0171142 0.125489 0.00341201
2 0.0236498 0.700117 0.0191556 0.126772 0.00340886
4 0.251422 0.743925 0.0171142 0.125489 0.00336569
1 0.274503 0.681994 0.0136599 0.099113 0.00330559
1 0.187012 0.678779 0.0135294 0.0853911 0.00321521
1 0.822361 0.566227 0.0088026 0.0299806 0.0032065
0 0.153842 0.673361 0.011775 0.0949872 0.00318621
1 0.291898 0.684025 0.0171787 0.139481 0.00315936
3 0.153842 0.673361 0.011775 0.0949872 0.00315508
0 0.12428 0.746049 0.023352 0.186936 0.00313776
3 0.30957 0.696954 0.0144173 0.108111 0.00308335
5 0.276468 0.716735 0.0184218 0.119381 0.00307052
4 0.176458 0.765059 0.0209868 0.149929 0.00306615
0 0.127878 0.677506 0.0123933 0.101364 0.00295601
0 0.276223 0.726276 0.0151098 0.112458 0.00292381
2 0.294199 0.715651 0.015098 0.0987405 0.00283759
0 0.866191 0.563713 0.00976715 0.0455085 0.00283464
0 0.322174 0.692429 0.0209147 0.100275 0.00283295
1 0.215962 0.718719 0.0147066 0.0926982 0.00276157
0 0.294431 0.707789 0.0173081 0.110703 0.00273176
1 0.0619801 0.716805 0.0180957 0.13875 0.00271962
2 0.153406 0.673325 0.0120586 0.0977438 0.00270465
5 0.127378 0.675573 0.0131058 0.103498 0.00256726
5 0.294431 0.707789 0.0173081 0.110703 0.00253697
3 0.319383 0.689003 0.0182253 0.102547 0.00250691
2 0.0984138 0.686077 0.0142313 0.112662 0.00250151
3 0.334835 0.683837 0.0110056 0.0871565 0.00249529
1 0.336487 0.6924 0.0101392 0.0709656 0.00238489
0 0.308976 0.69675 0.0145496 0.109526 0.00237168
2 0.127548 0.677501 0.012789 0.103561 0.00235223
4 0.276069 0.725689 0.019643 0.119037 0.00230389
1 0.286294 0.654648 0.0136702 0.110319 0.00229439
3 0.332839 0.68256 0.0179365 0.094711 0.00223856
4 0.0982274 0.68606 0.01441 0.115466 0.00223717
4 0.152202 0.67427 0.0134324 0.0950515 0.00217728
5 0.152202 0.67427 0.0134324 0.0950515 0.00214691
5 0.247107 0.746598 0.0286609 0.143769 0.00213578
0 0.151434 0.682437 0.0148695 0.11276 0.00212334
2 0.314901 0.697522 0.0176423 0.0926346 0.0021208
1 0.153791 0.684523 0.0251536 0.140151 0.00211436
2 0.276311 0.725403 0.0145705 0.110127 0.00206674
4 0.24535 0.749429 0.0311459 0.153252 0.00204376
4 0.313678 0.69412 0.0200558 0.100646 0.00201958
0 0.306572 0.701395 0.0257017 0.104874 0.00200763
2 0.247107 0.746598 0.0286609 0.143769 0.00198377
2 0.334835 0.683837 0.0110056 0.0871565 0.00198177
1 0.220804 0.73612 0.0172947 0.137307 0.00196766
3 0.127024 0.727394 0.0184898 0.182933 0.00192663
4 0.127983 0.677162 0.0121562 0.101589 0.00174244
5 0.30957 0.696954 0.0144173 0.108111 0.00172977
4 0.332311 0.685028 0.0154225 0.0942655 0.00172797
0 0.125821 0.70558 0.0181254 0.149762 0.00172343
4 0.294431 0.707789 0.0173081 0.110703 0.00167746
3 0.247107 0.746598 0.0286609 0.143769 0.00167604
0 0.24535 0.749429 0.0311459 0.153252 0.00165199
0 0.821942 0.565223 0.015258 0.0349169 0.00164088
4 0.253261 0.741225 0.0252262 0.143489 0.00161856
4 0.322174 0.692429 0.0209147 0.100275 0.00157655
3 0.350557 0.331515 0.0900281 0.545946 0.0015692
2 0.322174 0.692429 0.0209147 0.100275 0.00156286
2 0.30957 0.696954 0.0144173 0.108111 0.0015602
4 0.306572 0.701395 0.0257017 0.104874 0.00155687
5 0.319383 0.689003 0.0182253 0.102547 0.00154825
4 0.30957 0.696954 0.0144173 0.108111 0.00152355
0 0.958787 0.549316 0.0165873 0.0511572 0.00152132
1 0.275698 0.75197 0.018719 0.134347 0.00151453
2 0.332839 0.68256 0.0179365 0.094711 0.00150247
3 0.151434 0.682437 0.0148695 0.11276 0.00149761
1 0.284532 0.676869 0.0178516 0.129541 0.00148682
5 0.334411 0.682127 0.0140991 0.0955458 0.00148304
1 0.0987306 0.685989 0.0244363 0.117815 0.00141755
2 0.306572 0.701395 0.0257017 0.104874 0.00141679
5 0.125821 0.70558 0.0181254 0.149762 0.00141529
4 0.125821 0.70558 0.0181254 0.149762 0.0013519
0 0.262477 0.73032 0.0338033 0.131077 0.00133242
1 0.248898 0.758646 0.0182697 0.119092 0.00132405
1 0.22374 0.753154 0.0584454 0.169904 0.00131112
2 0.124386 0.738729 0.0219583 0.182791 0.00129082
3 0.314989 0.697739 0.0171841 0.0933926 0.00128765
1 0.46329 0.902471 0.0121336 0.0566082 0.00127789
0 0.286655 0.715259 0.0356694 0.115009 0.00126244
0 0.194313 0.669231 0.00989203 0.0712214 0.00125175
5 0.313678 0.69412 0.0200558 0.100646 0.00122581
2 0.262477 0.73032 0.0338033 0.131077 0.0011975
1 0.335402 0.662282 0.0157661 0.120004 0.00118554
1 0.177207 0.738898 0.0179186 0.124642 0.00118144
5 0.12428 0.746049 0.023352 0.186936 0.00115879
1 0.408403 0.603033 0.00887156 0.0483482 0.00115504
1 0.86358 0.568091 0.00931931 0.0396255 0.00114686
5 0.262477 0.73032 0.0338033 0.131077 0.00114034
0 0.921181 0.575794 0.017758 0.0695983 0.00113972
1 0.276928 0.656316 0.0138989 0.102099 0.00107555
1 0.509935 0.591875 0.00823774 0.0375844 0.00107046
3 0.194157 0.671115 0.00978041 0.0713966 0.00105368
2 0.286655 0.715259 0.0356694 0.115009 0.00104108
1 0.51473 0.907953 0.0124187 0.0688241 0.0010324
5 0.306572 0.701395 0.0257017 0.104874 0.00101511
0 0.133919 0.678415 0.0210206 0.0978359 0.0010093
3 0.976814 0.858377 0.0406574 0.081357 0.00100754
4 0.12428 0.746049 0.023352 0.186936 0.00100429
1 0.205326 0.759088 0.0560388 0.174668 0.00100392
