1 0.117883 0.580447 0.00643921 0.037377 0.15653
1 0.601029 0.600457 0.00682678 0.0338686 0.0346883
1 0.553052 0.613574 0.00782356 0.0441002 0.0266709
1 0.13127 0.580306 0.010279 0.0361164 0.0111568
1 0.139624 0.574843 0.00615931 0.0400425 0.00708496
1 0.552927 0.60706 0.0109097 0.0491564 0.00567114
4 0.473838 0.532632 0.1343 0.316976 0.00541952
1 0.622194 0.600508 0.00672169 0.0421388 0.0048196
1 0.101746 0.587211 0.00872865 0.053644 0.00331536
1 0.117883 0.574509 0.00956094 0.049562 0.00324935
1 0.602545 0.603081 0.00793676 0.0297741 0.00319296
1 0.641175 0.591498 0.00653753 0.042673 0.00312729
1 0.0991324 0.588342 0.00839024 0.0545884 0.00283483
1 0.597204 0.603439 0.00718527 0.0296113 0.00267131
1 0.599021 0.59686 0.00676107 0.0371975 0.00214242
1 0.140572 0.580462 0.00735691 0.0446395 0.00212432
1 0.60308 0.596085 0.00817594 0.0363148 0.00201885
1 0.623057 0.597855 0.0114773 0.0457247 0.00165043
1 0.620344 0.589292 0.00662251 0.0360364 0.00145582
0 0.672791 0.258917 0.0233799 0.139685 0.00122793
