4 0.640979 0.607294 0.0642168 0.135852 0.718107
1 0.696264 0.647495 0.00904903 0.0506757 0.320495
1 0.916611 0.612548 0.00719757 0.0450055 0.273941
1 0.904684 0.610305 0.00802879 0.0506653 0.199938
4 0.459931 0.537639 0.148001 0.374593 0.0523946
1 0.846755 0.581564 0.00720463 0.048092 0.0214568
1 0.873089 0.594763 0.00768051 0.0310712 0.0165539
1 0.696175 0.644816 0.0142312 0.0639583 0.0145506
1 0.916462 0.611665 0.0117863 0.0472524 0.0103521
1 0.904777 0.609807 0.013472 0.0510034 0.0103377
0 0.640237 0.606741 0.0609061 0.142368 0.00798475
1 0.641535 0.605899 0.062141 0.135987 0.00624491
2 0.641535 0.605899 0.062141 0.135987 0.0055488
3 0.641535 0.605899 0.062141 0.135987 0.00519779
5 0.641535 0.605899 0.062141 0.135987 0.00442673
1 0.169315 0.613351 0.00787783 0.0462088 0.00391898
4 0.628227 0.620326 0.185706 0.232606 0.00309247
0 0.916136 0.611891 0.00837631 0.0425173 0.00283271
1 0.691998 0.647155 0.00931654 0.0578214 0.00268649
2 0.695774 0.648765 0.00982332 0.051463 0.00261359
1 0.908457 0.6041 0.0126036 0.0651945 0.00214575
4 0.696175 0.644816 0.0142312 0.0639583 0.00202449
1 0.891765 0.614284 0.0099123 0.0559089 0.00187627
1 0.724798 0.606564 0.0117837 0.0823697 0.00183215
0 0.696566 0.646421 0.0103636 0.0510924 0.00171772
0 0.904847 0.610067 0.0091465 0.0486059 0.00169144
1 0.697919 0.651975 0.0089035 0.0442038 0.00138765
4 0.9165 0.612594 0.00837955 0.043133 0.00134754
1 0.919663 0.615828 0.00874519 0.046799 0.00131813
4 0.696264 0.647495 0.00904903 0.0506757 0.00117737
1 0.847015 0.580838 0.0131239 0.0532568 0.00111028
1 0.78559 0.766014 0.00737247 0.0364365 0.00105238
3 0.9165 0.612594 0.00837955 0.043133 0.00103277
1 0.874645 0.593163 0.0084898 0.0367813 0.00100581
