1 0.945313 0.622109 0.00655632 0.045947 0.261639
1 0.789716 0.617292 0.00582657 0.0367615 0.0295473
4 0.523256 0.540228 0.126984 0.283047 0.0247772
1 0.992682 0.615891 0.0072998 0.0416899 0.0227801
1 0.943083 0.620441 0.00734634 0.0510039 0.013771
1 0.259459 0.616934 0.00653229 0.0380853 0.0111365
1 0.747614 0.600775 0.0104831 0.0772109 0.0100853
1 0.880535 0.642243 0.00767059 0.0571421 0.00881608
1 0.9454 0.620799 0.011496 0.049304 0.00821787
1 0.804346 0.618454 0.00677204 0.0395444 0.0072705
1 0.260872 0.615951 0.00631628 0.043488 0.00610197
1 0.654588 0.62658 0.00823336 0.0456555 0.00464385
1 0.193311 0.640711 0.00609002 0.0267502 0.00422167
1 0.881796 0.632623 0.0089117 0.0751429 0.00411483
3 0.954009 0.185245 0.0424191 0.109684 0.00393401
1 0.787936 0.615473 0.00682545 0.0423946 0.00374319
1 0.752619 0.563 0.00500031 0.0308514 0.00299216
4 0.667645 0.600981 0.0409291 0.0995956 0.00296492
1 0.94217 0.611651 0.00738106 0.0532452 0.00233786
1 0.790237 0.624652 0.00714474 0.0388826 0.00232461
0 0.945418 0.621357 0.00770206 0.0455579 0.00184733
1 0.669283 0.604516 0.0353678 0.106821 0.00148182
1 0.713082 0.612938 0.00675488 0.041563 0.00141587
1 0.662921 0.604276 0.0263128 0.0947847 0.00137591
2 0.945313 0.622109 0.00655632 0.045947 0.00123078
1 0.750965 0.574507 0.00621471 0.0463621 0.00122748
1 0.690983 0.64651 0.00845118 0.0732324 0.00122574
