4 0.688666 0.546072 0.140956 0.341083 0.189974
1 0.16779 0.639292 0.00633166 0.0466543 0.0257403
1 0.141742 0.614486 0.00792165 0.0524518 0.0187252
4 0.942581 0.597121 0.0959991 0.210208 0.00968966
1 0.760529 0.610398 0.0115049 0.0738082 0.00652821
1 0.168404 0.64707 0.00637488 0.0414363 0.0039812
1 0.759955 0.615172 0.00896683 0.0511162 0.00336156
5 0.688757 0.544809 0.140691 0.342847 0.00281576
1 0.992014 0.644831 0.00624542 0.0460433 0.00238979
4 0.961522 0.589039 0.076955 0.182735 0.00181665
4 0.985958 0.588853 0.0254734 0.173805 0.00168963
1 0.169786 0.64299 0.00639148 0.0418782 0.00162829
3 0.688757 0.544809 0.140691 0.342847 0.00158649
1 0.994421 0.661588 0.00657597 0.0855696 0.00153379
1 0.139379 0.618543 0.010911 0.0512416 0.0013437
1 0.113118 0.634664 0.0116727 0.0332616 0.00123025
2 0.688814 0.547039 0.141071 0.341007 0.00106756
1 0.688666 0.546072 0.140956 0.341083 0.00106437
1 0.141816 0.613921 0.0134023 0.0549474 0.00101265
