3 0.294124 0.526109 0.0612536 0.338907 0.621898
1 0.190999 0.739082 0.00977097 0.0649295 0.0801675
1 0.190745 0.748574 0.0124496 0.0872967 0.0494759
3 0.727353 0.316385 0.0637125 0.143025 0.0376166
1 0.303306 0.759164 0.0154889 0.100013 0.0310736
1 0.265713 0.796185 0.0167821 0.0965912 0.0153782
1 0.21937 0.779042 0.0227273 0.142464 0.0135684
1 0.270133 0.785684 0.0170168 0.112529 0.0118933
1 0.256222 0.801651 0.0168525 0.102612 0.0114561
0 0.293601 0.524411 0.0630931 0.334685 0.010157
1 0.230964 0.792431 0.0184674 0.121154 0.00799861
1 0.240094 0.803938 0.020681 0.106664 0.00777817
1 0.294372 0.525946 0.061553 0.338289 0.00578347
1 0.222506 0.79559 0.021092 0.109518 0.00522299
1 0.233568 0.798186 0.0300861 0.114122 0.00520447
4 0.882428 0.613953 0.0985664 0.188079 0.00477201
3 0.299 0.521356 0.156695 0.363688 0.00463456
4 0.193107 0.0964532 0.386214 0.192906 0.00427655
1 0.259675 0.795017 0.0156244 0.0996997 0.00388441
1 0.218874 0.761629 0.0167461 0.127425 0.00352307
2 0.294372 0.525946 0.061553 0.338289 0.00346215
1 0.149645 0.654114 0.0129279 0.0682292 0.00342155
5 0.294372 0.525946 0.061553 0.338289 0.00335924
4 0.294372 0.525946 0.061553 0.338289 0.00334023
1 0.31858 0.755473 0.0144245 0.0920831 0.00332121
1 0.324974 0.753477 0.0157432 0.0910967 0.00319527
1 0.234835 0.805376 0.0142705 0.0943544 0.00289716
1 0.209681 0.773203 0.0285846 0.128218 0.00246417
3 0.898769 0.613991 0.131683 0.219344 0.00240084
1 0.191307 0.761662 0.0167685 0.108047 0.00238709
1 0.244172 0.806477 0.0164521 0.096481 0.00227033
4 0.166127 0.142268 0.332253 0.267311 0.00209761
3 0.606764 0.605232 0.0671817 0.231807 0.0016129
0 0.727353 0.316385 0.0637125 0.143025 0.00158279
1 0.628799 0.740989 0.0108751 0.061765 0.00157154
1 0.273032 0.765341 0.015273 0.125445 0.00135839
