4 0.795515 0.663333 0.0740087 0.157406 0.925944
0 0.470345 0.737824 0.0145685 0.0486525 0.0184875
4 0.786107 0.654751 0.17315 0.219734 0.0158531
3 0.794623 0.66281 0.0695061 0.154944 0.00971399
0 0.794623 0.66281 0.0695061 0.154944 0.00843278
1 0.794623 0.66281 0.0695061 0.154944 0.00781854
2 0.795044 0.663067 0.0701231 0.159846 0.00775689
5 0.794623 0.66281 0.0695061 0.154944 0.00687722
1 0.663636 0.698316 0.021297 0.0774823 0.00627247
3 0.939201 0.569706 0.0523159 0.701158 0.00532433
1 0.470296 0.734518 0.0170372 0.0585787 0.00388307
1 0.654005 0.632883 0.00774193 0.0376522 0.00141066
3 0.94025 0.527824 0.0815664 0.920378 0.00133368
1 0.802406 0.653146 0.169147 0.225027 0.00101851
