1 0.221126 0.770959 0.0255922 0.143042 0.850926
1 0.253095 0.753331 0.0201897 0.139951 0.838755
1 0.184077 0.774043 0.026292 0.144768 0.837097
1 0.135536 0.777592 0.0242416 0.129532 0.637866
1 0.915567 0.615648 0.0268475 0.1345 0.166552
1 0.0396491 0.705158 0.0181231 0.143835 0.0747886
1 0.126198 0.54958 0.00968957 0.0633497 0.0729852
0 0.915567 0.615648 0.0268475 0.1345 0.045562
3 0.333914 0.311065 0.125386 0.622129 0.032862
1 0.221773 0.68246 0.0170248 0.107967 0.0316528
1 0.072621 0.693179 0.0160625 0.109471 0.028399
1 0.0735954 0.737065 0.0186838 0.17165 0.0212747
0 0.184389 0.773076 0.0264352 0.147371 0.0128798
0 0.886523 0.560633 0.0100489 0.0385643 0.0121295
0 0.221129 0.768606 0.0256578 0.145489 0.0120161
1 0.156231 0.563767 0.00749588 0.0416976 0.0111241
4 0.184323 0.773741 0.0267411 0.142265 0.00940427
4 0.221129 0.768606 0.0256578 0.145489 0.00905804
1 0.291509 0.659825 0.0144215 0.131856 0.0090191
2 0.221129 0.768606 0.0256578 0.145489 0.00835266
1 0.29495 0.663279 0.0135546 0.125186 0.00831151
3 0.220511 0.771388 0.0240808 0.14763 0.00798056
2 0.184389 0.773076 0.0264352 0.147371 0.00784389
0 0.135764 0.774767 0.0235562 0.1132 0.00772775
3 0.184389 0.773076 0.0264352 0.147371 0.00754435
1 0.254597 0.69759 0.0162041 0.128177 0.00751407
1 0.473802 0.786715 0.0166507 0.0820777 0.00694448
5 0.221308 0.770113 0.0258891 0.140929 0.00666772
3 0.253387 0.752874 0.0205636 0.136883 0.00577452
1 0.189657 0.577025 0.00947037 0.056512 0.00548258
0 0.251902 0.75118 0.0197842 0.140006 0.00547575
5 0.183959 0.774921 0.0266482 0.143867 0.00518711
0 0.126071 0.549256 0.0114222 0.0646673 0.00507589
1 0.307126 0.654633 0.0141581 0.126429 0.00449887
1 0.28849 0.662844 0.0133652 0.119566 0.0042602
5 0.252853 0.75469 0.0195599 0.144332 0.00422227
1 0.0583979 0.716773 0.0287076 0.142791 0.00416649
1 0.171584 0.561485 0.00783768 0.0419742 0.00416494
2 0.253637 0.755061 0.0208597 0.139132 0.00409225
4 0.135409 0.776385 0.0254416 0.132256 0.00403035
1 0.301183 0.662594 0.0171953 0.128791 0.00374241
4 0.253637 0.755061 0.0208597 0.139132 0.00353906
2 0.135536 0.777592 0.0242416 0.129532 0.00349302
3 0.135743 0.773488 0.0248365 0.11584 0.00342439
5 0.135764 0.774767 0.0235562 0.1132 0.00298569
1 0.134896 0.807694 0.0211493 0.133951 0.0029162
1 0.377431 0.909962 0.018602 0.119226 0.0028743
1 0.074339 0.773545 0.0181916 0.143021 0.00282867
1 0.253378 0.717043 0.0213356 0.141971 0.00282216
1 0.189359 0.596029 0.00952549 0.0565852 0.00258039
2 0.915688 0.61615 0.0263269 0.133635 0.00245692
1 0.887149 0.558666 0.0120951 0.0437819 0.00236636
1 0.259893 0.659107 0.0127245 0.120767 0.00209253
1 0.257486 0.681772 0.0123607 0.116547 0.00197144
1 0.221961 0.663702 0.0130099 0.0931062 0.00194712
1 0.269434 0.648641 0.0154039 0.136175 0.00194459
1 0.130363 0.773433 0.016349 0.112444 0.00174048
1 0.00403671 0.684103 0.00807341 0.152407 0.00158478
1 0.214526 0.740504 0.0148768 0.0976028 0.00155958
3 0.301521 0.300135 0.124529 0.58249 0.00153789
3 0.915567 0.615648 0.0268475 0.1345 0.00146144
1 0.902894 0.553582 0.0106577 0.0447177 0.00140872
1 0.178235 0.760758 0.0151208 0.115395 0.00140015
1 0.518496 0.902453 0.0119008 0.0712436 0.00132836
1 0.127046 0.56049 0.0131503 0.0729516 0.001324
1 0.285882 0.653194 0.0134604 0.134838 0.00123074
1 0.209261 0.773934 0.0515825 0.148718 0.00121288
1 0.218595 0.75207 0.0200755 0.120612 0.00120784
0 0.902894 0.553582 0.0106577 0.0447177 0.00115034
3 0.370998 0.305032 0.235697 0.564187 0.00114793
1 0.350283 0.664807 0.0134108 0.085421 0.00112894
4 0.915353 0.616302 0.0257637 0.133517 0.00111381
