3 0.265964 0.601934 0.0511077 0.259006 0.449387
3 0.0422582 0.455043 0.0655111 0.396795 0.217294
3 0.476065 0.394745 0.058548 0.125509 0.132496
3 0.262735 0.559803 0.0451611 0.174302 0.0521845
3 0.263869 0.529576 0.0470107 0.103023 0.0447008
3 0.183863 0.510852 0.0503694 0.254756 0.0354916
1 0.660311 0.66876 0.00845375 0.0505396 0.0186802
1 0.266842 0.60241 0.0500969 0.252558 0.0105241
3 0.925866 0.596795 0.0724491 0.233857 0.0104551
3 0.178378 0.487344 0.0717428 0.28609 0.0103506
0 0.266282 0.600549 0.0496515 0.259164 0.00652791
3 0.477032 0.526893 0.0603925 0.360289 0.00551468
1 0.65605 0.664487 0.00980511 0.0593924 0.00487055
4 0.492736 0.118924 0.938118 0.237847 0.00486415
1 0.0422582 0.455043 0.0655111 0.396795 0.003379
0 0.476065 0.394745 0.058548 0.125509 0.00291912
1 0.657836 0.669442 0.014 0.0472084 0.00277242
3 0.0755433 0.461293 0.151087 0.398602 0.0027623
2 0.265246 0.586384 0.0499592 0.214082 0.00265374
1 0.644444 0.662809 0.00995331 0.0627938 0.00251018
4 0.265246 0.586384 0.0499592 0.214082 0.00240415
1 0.476065 0.394745 0.058548 0.125509 0.00235112
5 0.265512 0.601403 0.05098 0.255105 0.0023398
3 0.258149 0.647676 0.067587 0.387639 0.00232898
3 0.257671 0.600465 0.19767 0.362803 0.00218589
3 0.634577 0.55351 0.049756 0.212737 0.0018926
3 0.0512865 0.455464 0.102573 0.450856 0.00189254
0 0.0424552 0.457393 0.0655672 0.405663 0.0018628
3 0.0514208 0.54949 0.0859761 0.584022 0.00171648
3 0.0402294 0.336431 0.0727058 0.517915 0.0016673
3 0.267792 0.671805 0.0424023 0.353891 0.00166434
1 0.263486 0.528831 0.0483845 0.107932 0.00148704
1 0.602318 0.644565 0.00842009 0.0735055 0.00133762
5 0.0422582 0.455043 0.0655111 0.396795 0.00131936
1 0.66095 0.669958 0.0140071 0.0550264 0.00123025
3 0.133757 0.48008 0.209613 0.335675 0.00120542
4 0.547161 0.105472 0.612538 0.20394 0.00116729
3 0.267235 0.533961 0.0704689 0.189106 0.00105003
