3 0.270607 0.535304 0.0762849 0.381877 0.309186
1 0.300666 0.803367 0.0159068 0.115612 0.257469
1 0.949807 0.713921 0.0141264 0.0711989 0.163976
1 0.247747 0.80267 0.0173123 0.123668 0.137518
1 0.228324 0.814502 0.0144144 0.0985313 0.106134
3 0.640516 0.294895 0.0535398 0.403267 0.07423
1 0.274755 0.803535 0.0140702 0.111157 0.0519615
1 0.239453 0.811057 0.0292941 0.10976 0.0466633
1 0.971711 0.686959 0.0147451 0.114632 0.0356778
1 0.250606 0.811629 0.0160255 0.101924 0.0327659
1 0.967081 0.705493 0.0137482 0.0767605 0.0261718
1 0.954184 0.712506 0.0193665 0.0646988 0.0127351
1 0.976948 0.674893 0.0214794 0.127563 0.00999192
1 0.973353 0.640375 0.0148849 0.0698956 0.00945783
1 0.975254 0.700181 0.0151352 0.0834001 0.00809555
1 0.957983 0.701831 0.0171133 0.098762 0.0073963
1 0.979902 0.686528 0.0166504 0.100828 0.00733362
0 0.270607 0.535304 0.0762849 0.381877 0.00608107
1 0.989606 0.690923 0.0121248 0.0901937 0.00602183
1 0.659964 0.782436 0.0113431 0.0994246 0.00477079
1 0.75715 0.761907 0.0298027 0.126628 0.00476248
3 0.647891 0.377037 0.0745042 0.554828 0.00474061
1 0.31849 0.803427 0.0154127 0.108342 0.00434653
1 0.99267 0.69734 0.00943108 0.079852 0.00381039
1 0.297202 0.796109 0.0153861 0.11063 0.00355156
3 0.282914 0.543187 0.149618 0.398092 0.0032266
1 0.268974 0.53169 0.0792643 0.380763 0.0027327
0 0.94994 0.713819 0.0153635 0.071195 0.00236645
1 0.324936 0.803066 0.0137911 0.100988 0.00225443
3 0.266526 0.399248 0.0821892 0.132054 0.00220696
5 0.2689 0.532096 0.0807015 0.382653 0.00197382
1 0.301444 0.829117 0.0147385 0.0831046 0.00187326
1 0.667313 0.782377 0.0181244 0.101199 0.00187119
3 0.647052 0.257462 0.0800321 0.494028 0.00182497
2 0.268974 0.53169 0.0792643 0.380763 0.00171542
4 0.18869 0.0863589 0.377381 0.172718 0.00168625
1 0.94954 0.705648 0.0188532 0.0975194 0.00156589
1 0.251851 0.803875 0.030426 0.123921 0.00155759
2 0.300666 0.803367 0.0159068 0.115612 0.00146458
5 0.300666 0.803367 0.0159068 0.115612 0.0014616
1 0.234062 0.793456 0.0193329 0.14222 0.00137217
4 0.268974 0.53169 0.0792643 0.380763 0.00136435
1 0.300265 0.807201 0.027461 0.115734 0.00129241
1 0.125425 0.675159 0.0134674 0.0574585 0.00119047
3 0.628789 0.376734 0.075545 0.554596 0.00113292
0 0.640516 0.294895 0.0535398 0.403267 0.00110713
1 0.786486 0.66302 0.0128292 0.0436202 0.00109652
1 0.244578 0.783209 0.0256708 0.140315 0.00104595
5 0.247747 0.80267 0.0173123 0.123668 0.0010181
1 0.67645 0.784985 0.0131213 0.0970501 0.00100855
1 0.652476 0.711538 0.00884552 0.0642634 0.00100075
