3 0.0807251 0.372368 0.0410111 0.113554 0.299956
1 0.530975 0.705046 0.00747375 0.0750568 0.27786
4 0.333216 0.687683 0.0519047 0.0918264 0.234699
1 0.53006 0.696735 0.00725889 0.055386 0.1224
4 0.930942 0.636989 0.0471525 0.0929971 0.0524673
1 0.532326 0.71746 0.00693769 0.0781599 0.0463195
0 0.170253 0.686343 0.0149818 0.0414176 0.0283682
1 0.334514 0.685328 0.0464393 0.0931574 0.0247143
0 0.333701 0.687631 0.0503558 0.0920657 0.020267
1 0.0804158 0.370687 0.0436186 0.108604 0.0133495
2 0.333701 0.687631 0.0503558 0.0920657 0.011885
1 0.229143 0.715312 0.00709949 0.0599381 0.0100239
1 0.99649 0.614533 0.00614891 0.0450952 0.00833736
1 0.910336 0.678878 0.00676327 0.0333377 0.00749737
1 0.764272 0.678064 0.0078227 0.0264333 0.00746406
1 0.170906 0.686245 0.0120391 0.0407101 0.00719395
1 0.931833 0.634917 0.0429869 0.0897469 0.00679259
1 0.960722 0.623194 0.0104197 0.0524745 0.00441215
1 0.227867 0.705813 0.00932455 0.0566984 0.00419915
1 0.528888 0.706362 0.0129084 0.0808248 0.00407654
1 0.530052 0.694233 0.0119915 0.060877 0.00404762
3 0.334366 0.687382 0.0510389 0.0966081 0.00402473
3 0.0782477 0.412057 0.0452531 0.200637 0.00340489
0 0.170344 0.692886 0.0114705 0.0342255 0.0030854
0 0.0806213 0.371639 0.0415528 0.114682 0.00305595
5 0.333216 0.687683 0.0519047 0.0918264 0.00299324
1 0.5318 0.694605 0.00759401 0.0532055 0.00298019
4 0.0418553 0.600898 0.0837106 0.226092 0.00292653
3 0.530975 0.705046 0.00747375 0.0750568 0.00251351
2 0.0806213 0.371639 0.0415528 0.114682 0.00246447
4 0.0804845 0.369969 0.0388725 0.11393 0.00227579
3 0.079445 0.499104 0.0557153 0.41182 0.00202493
4 0.459231 0.660649 0.0113842 0.041045 0.00200674
0 0.266771 0.669677 0.0122378 0.0416269 0.00195042
0 0.26141 0.673796 0.00916352 0.0454535 0.00184355
1 0.912516 0.67789 0.00960903 0.0327498 0.0017993
0 0.271348 0.663653 0.00788269 0.030655 0.00161236
5 0.0806213 0.371639 0.0415528 0.114682 0.00160731
2 0.960722 0.623194 0.0104197 0.0524745 0.00154079
0 0.530975 0.705046 0.00747375 0.0750568 0.00144286
1 0.263822 0.67847 0.00939918 0.0432437 0.00142262
1 0.764839 0.679804 0.0109563 0.0320218 0.00135052
1 0.260868 0.67933 0.00845366 0.0415286 0.00134413
0 0.165705 0.687919 0.0162673 0.0361503 0.00127828
4 0.530975 0.705046 0.00747375 0.0750568 0.00105788
1 0.531353 0.716038 0.0121067 0.0840561 0.00104545
1 0.229251 0.723172 0.0105627 0.0505992 0.00101819
