3 0.181664 0.308418 0.0669839 0.159988 0.349016
3 0.178182 0.488232 0.0691178 0.52274 0.223834
3 0.17872 0.371895 0.0701683 0.305722 0.0274357
1 0.64207 0.644124 0.0106524 0.0692961 0.0257047
1 0.763794 0.636619 0.0100314 0.0461999 0.0142184
1 0.697021 0.644898 0.0121981 0.0472253 0.0119765
1 0.675175 0.646194 0.0133968 0.0514447 0.0116991
1 0.670728 0.645112 0.0120882 0.0523232 0.0112485
1 0.638646 0.647605 0.0142426 0.0606255 0.00695739
0 0.643682 0.647519 0.0152462 0.0695665 0.00560478
0 0.178182 0.488232 0.0691178 0.52274 0.00440701
0 0.179425 0.312169 0.0655262 0.180613 0.00395679
3 0.459211 0.278285 0.0649311 0.120837 0.00391828
1 0.380691 0.638043 0.0087615 0.0314965 0.00380649
2 0.181664 0.308418 0.0669839 0.159988 0.00376607
1 0.62118 0.643387 0.0104657 0.0484704 0.00373419
1 0.724832 0.640173 0.0123476 0.0467906 0.003533
1 0.181224 0.304757 0.0689595 0.156361 0.00347802
1 0.0765764 0.582852 0.00949388 0.0496999 0.00326159
1 0.763436 0.641716 0.0145201 0.0508479 0.00298898
1 0.390315 0.637777 0.00791264 0.0319382 0.00281925
1 0.200017 0.795622 0.016176 0.0816355 0.00265208
1 0.738098 0.643046 0.0253242 0.0544647 0.00245554
1 0.379149 0.641066 0.00679493 0.0321192 0.00240746
3 0.16364 0.488938 0.144892 0.558613 0.00215612
1 0.239698 0.826948 0.017639 0.0413354 0.00211596
0 0.672551 0.645998 0.0165086 0.0553368 0.00211527
1 0.730796 0.639841 0.0176151 0.0538284 0.0020468
1 0.660125 0.647951 0.014036 0.0617393 0.00182481
1 0.173505 0.795071 0.0255298 0.0854238 0.00179393
3 0.189703 0.344597 0.147301 0.272078 0.00175253
1 0.178529 0.4877 0.0685273 0.518408 0.00148047
4 0.181664 0.308418 0.0669839 0.159988 0.001394
1 0.676274 0.646707 0.0240417 0.0523595 0.00129711
1 0.643097 0.640287 0.0163604 0.0976629 0.00127007
1 0.722058 0.635859 0.012277 0.0573998 0.00119347
5 0.181056 0.303563 0.0679803 0.15709 0.00117364
3 0.603381 0.357189 0.0101687 0.0567822 0.00117021
4 0.489992 0.121398 0.936622 0.242796 0.00115162
1 0.749269 0.642509 0.0259982 0.0513521 0.00114282
1 0.63948 0.653554 0.00981712 0.0546987 0.00106631
1 0.402764 0.637728 0.00881395 0.0362712 0.0010488
1 0.679251 0.649028 0.0103101 0.0522603 0.00104776
1 0.650522 0.647487 0.0251723 0.061279 0.0010423
5 0.178529 0.4877 0.0685273 0.518408 0.00100033
