4 0.776278 0.670336 0.0797869 0.169605 0.890511
0 0.416899 0.739863 0.0178108 0.0502216 0.645483
1 0.416729 0.740844 0.0178078 0.0526886 0.0403638
4 0.765669 0.662182 0.162323 0.220445 0.012697
3 0.777055 0.669983 0.0791851 0.16745 0.0117901
0 0.776765 0.671415 0.0807292 0.169983 0.009726
2 0.776525 0.670715 0.0790371 0.17237 0.00914955
1 0.635707 0.685509 0.0164269 0.0619013 0.0084572
1 0.776087 0.67006 0.0812499 0.169491 0.00760404
5 0.776087 0.67006 0.0812499 0.169491 0.00753379
1 0.329681 0.827603 0.0111708 0.0747089 0.00466547
1 0.495308 0.687096 0.00916719 0.0601716 0.00434151
1 0.608878 0.63899 0.007973 0.0345737 0.0038013
4 0.778579 0.673724 0.0597067 0.133794 0.0032789
1 0.993877 0.581401 0.0122387 0.120252 0.00264623
2 0.417006 0.740048 0.0186113 0.051741 0.00221467
4 0.416899 0.739863 0.0178108 0.0502216 0.00214922
3 0.993877 0.581401 0.0122387 0.120252 0.00210236
5 0.416899 0.739863 0.0178108 0.0502216 0.00151334
1 0.495618 0.668965 0.00839119 0.0495221 0.0015081
3 0.416899 0.739863 0.0178108 0.0502216 0.001489
1 0.331441 0.810957 0.0190839 0.118265 0.00129787
1 0.329435 0.842003 0.00949049 0.0439999 0.00116016
0 0.993877 0.581401 0.0122387 0.120252 0.00115726
1 0.664822 0.633621 0.00771599 0.0372537 0.00113397
2 0.635707 0.685509 0.0164269 0.0619013 0.00105913
0 0.410315 0.742984 0.0239197 0.0638719 0.00105065
