4 0.384353 0.707382 0.0666083 0.117132 0.0917213
3 0.38459 0.709881 0.066046 0.121861 0.0257825
1 0.287444 0.754915 0.0161491 0.0845359 0.0237562
1 0.267109 0.728975 0.0200914 0.110048 0.0197934
4 0.762162 0.217861 0.0691159 0.147672 0.0194779
0 0.267834 0.728914 0.021025 0.106028 0.00724077
3 0.133603 0.516 0.147403 0.880057 0.00628689
3 0.861255 0.618568 0.0810713 0.178239 0.00618195
3 0.507985 0.525532 0.0731595 0.244191 0.00305266
1 0.279656 0.744437 0.0250711 0.120821 0.00277681
1 0.384353 0.707382 0.0666083 0.117132 0.00257631
1 0.141004 0.7647 0.0257741 0.10989 0.00220732
0 0.384926 0.708678 0.0654909 0.121169 0.00212356
3 0.764633 0.215977 0.0729994 0.151224 0.00194562
3 0.106879 0.412035 0.177086 0.812846 0.00189114
2 0.384926 0.708678 0.0654909 0.121169 0.00185364
5 0.38459 0.709881 0.066046 0.121861 0.00155851
0 0.236662 0.735217 0.0440715 0.072867 0.00121282
4 0.447752 0.152047 0.895503 0.304093 0.00115982
1 0.171325 0.761022 0.0454535 0.148151 0.00113525
1 0.26556 0.690785 0.0136562 0.0701928 0.00109926
