1 0.673971 0.641503 0.0127744 0.0767528 0.168313
1 0.637397 0.638946 0.0102194 0.0485019 0.122695
1 0.166865 0.59306 0.00764632 0.0588342 0.107943
3 0.806504 0.644256 0.0207842 0.188042 0.0569686
0 0.266038 0.582412 0.0126367 0.063657 0.025979
3 0.802803 0.361405 0.0486319 0.248085 0.0258513
3 0.803665 0.462732 0.0510321 0.427805 0.0221048
3 0.805444 0.589749 0.0296808 0.350715 0.0167166
1 0.806509 0.654996 0.0207647 0.198665 0.0151355
3 0.806795 0.617184 0.0157049 0.123695 0.0069462
0 0.265992 0.569716 0.00981483 0.0451189 0.00624175
1 0.213489 0.592845 0.00702434 0.0464595 0.006046
1 0.266038 0.582412 0.0126367 0.063657 0.00569773
3 0.803535 0.292436 0.0596825 0.127753 0.00557097
1 0.230636 0.587009 0.00809817 0.0426346 0.00448228
0 0.263087 0.578841 0.0135158 0.0582872 0.00422849
0 0.166865 0.59306 0.00764632 0.0588342 0.00394391
1 0.167018 0.592594 0.0127317 0.0628471 0.00392612
0 0.267852 0.591616 0.0166825 0.0690844 0.0029165
1 0.167293 0.60249 0.00753503 0.0384549 0.00264666
1 0.387335 0.710368 0.010335 0.0913912 0.00259152
3 0.591948 0.415686 0.0337143 0.211073 0.0022657
0 0.230993 0.58354 0.00895834 0.0500751 0.00222759
3 0.803307 0.569299 0.0421829 0.433156 0.0022009
1 0.388765 0.712461 0.0174123 0.101716 0.00218392
1 0.217695 0.587045 0.00850587 0.0468442 0.00196222
1 0.806306 0.619696 0.0180954 0.137863 0.0018953
0 0.263572 0.569553 0.00970817 0.0463306 0.00170132
0 0.673634 0.646334 0.0160997 0.0744499 0.00150499
1 0.639566 0.647189 0.0104503 0.0549508 0.00146262
1 0.265992 0.569716 0.00981483 0.0451189 0.00141416
1 0.21174 0.589591 0.0076479 0.045541 0.00137321
1 0.265246 0.593574 0.0157901 0.0685426 0.00134131
0 0.238452 0.581842 0.0130358 0.0554914 0.00133202
1 0.263087 0.578841 0.0135158 0.0582872 0.00126377
4 0.0413246 0.57816 0.0195641 0.0740192 0.00121248
1 0.237862 0.580943 0.0112436 0.0549289 0.00116344
3 0.674015 0.639885 0.0125769 0.0776555 0.00105638
