0 0.978333 0.859438 0.0371841 0.0762697 0.130392
3 0.644464 0.323232 0.0233324 0.219766 0.00678681
1 0.978311 0.858679 0.0382086 0.0729785 0.00648651
3 0.978311 0.858679 0.0382086 0.0729785 0.00611638
4 0.153422 0.457781 0.141298 0.173557 0.00393336
1 0.881699 0.559667 0.0147125 0.0929566 0.00353626
3 0.64509 0.368488 0.0277989 0.305155 0.00334791
4 0.27428 0.271061 0.0463043 0.098761 0.00294659
1 0.744622 0.639914 0.0130422 0.0991359 0.00291737
2 0.978503 0.861395 0.0377298 0.0686762 0.00289856
1 0.315291 0.586072 0.0133037 0.0669119 0.00277723
0 0.976619 0.853953 0.0441456 0.107446 0.00261627
0 0.310341 0.584625 0.0123048 0.0700544 0.0024978
1 0.752907 0.640663 0.0142124 0.0970499 0.00213991
1 0.310341 0.584625 0.0123048 0.0700544 0.00204942
0 0.315291 0.586072 0.0133037 0.0669119 0.00188777
1 0.734195 0.639917 0.0131575 0.0934821 0.00128198
1 0.223711 0.620432 0.00786681 0.0468532 0.00118374
1 0.737678 0.55915 0.00650587 0.03966 0.00111928
