3 0.728478 0.410193 0.0579131 0.185669 0.302
1 0.151118 0.638853 0.0068363 0.0520087 0.0334148
0 0.977948 0.863046 0.0406044 0.082358 0.0331283
3 0.730946 0.477847 0.0632133 0.354034 0.0298267
3 0.726776 0.363373 0.0571352 0.0988154 0.0219829
1 0.275341 0.600638 0.0125474 0.0631508 0.00834059
4 0.702352 0.602116 0.150723 0.210288 0.00714012
0 0.276134 0.601303 0.0139181 0.0620765 0.005687
0 0.727676 0.383692 0.0532023 0.140136 0.00567999
4 0.728327 0.359734 0.055214 0.114937 0.00329075
3 0.977638 0.858819 0.0400986 0.0793861 0.00316881
1 0.918814 0.548087 0.011664 0.0665927 0.00315405
1 0.729192 0.404545 0.0573656 0.181063 0.00274415
1 0.977755 0.862917 0.0397102 0.0799188 0.00263169
3 0.723253 0.521351 0.104559 0.400171 0.00218736
1 0.59736 0.63032 0.0092 0.0456649 0.00211486
4 0.219998 0.183087 0.0589807 0.138528 0.00194252
5 0.729665 0.408339 0.0558484 0.191246 0.00164282
3 0.704592 0.598976 0.126769 0.23168 0.001485
2 0.729894 0.408101 0.0566013 0.194106 0.00147538
4 0.729327 0.409351 0.0566938 0.195002 0.00147294
1 0.272504 0.593837 0.0113493 0.0639641 0.00138961
1 0.149633 0.638602 0.00924454 0.0632453 0.00126714
3 0.741136 0.401405 0.17812 0.275947 0.00101083
1 0.872066 0.660488 0.0231047 0.128343 0.00100131
