1 0.713632 0.808877 0.0250499 0.165353 0.772281
1 0.739096 0.795225 0.0183059 0.147523 0.597822
3 0.305903 0.690906 0.0653975 0.382207 0.593531
1 0.722926 0.802381 0.0316223 0.155881 0.3563
1 0.732058 0.798827 0.0389914 0.159609 0.0600299
1 0.718091 0.795188 0.0218468 0.130957 0.0294221
0 0.713576 0.808478 0.0250978 0.166765 0.0163237
3 0.22885 0.5263 0.118473 0.46434 0.0132266
4 0.305993 0.687934 0.0672886 0.384166 0.0103676
3 0.947866 0.777046 0.102409 0.345207 0.00948208
0 0.307209 0.695877 0.0623745 0.355076 0.00921323
2 0.713632 0.808877 0.0250499 0.165353 0.0087494
4 0.714216 0.808781 0.0264567 0.164248 0.00631013
3 0.714216 0.808781 0.0264567 0.164248 0.00623343
1 0.305903 0.690906 0.0653975 0.382207 0.00606367
1 0.726747 0.80643 0.0201622 0.136387 0.00555627
3 0.302741 0.698359 0.159103 0.408887 0.00540799
5 0.714216 0.808781 0.0264567 0.164248 0.00428633
5 0.305903 0.690906 0.0653975 0.382207 0.00417053
1 0.648218 0.614503 0.0115856 0.0549009 0.00408426
1 0.734164 0.607466 0.00713329 0.0434156 0.00380973
3 0.22998 0.449213 0.105501 0.298688 0.00372802
0 0.736901 0.798023 0.0215034 0.144945 0.00345113
1 0.606205 0.66824 0.00882425 0.0577551 0.00340149
1 0.884811 0.726754 0.0215483 0.163034 0.00320303
5 0.73884 0.794915 0.0182001 0.146686 0.00301812
2 0.722926 0.802381 0.0316223 0.155881 0.00290541
1 0.317696 0.77696 0.036179 0.206153 0.00272039
1 0.655388 0.611835 0.0106989 0.0575532 0.00271528
1 0.733033 0.604248 0.00645599 0.0339091 0.00256718
2 0.736901 0.798023 0.0215034 0.144945 0.00254326
3 0.258555 0.194444 0.0758842 0.161007 0.00251233
2 0.305903 0.690906 0.0653975 0.382207 0.00241332
3 0.739096 0.795225 0.0183059 0.147523 0.00241316
4 0.739679 0.792389 0.0180359 0.138858 0.00237146
1 0.603325 0.657397 0.00895605 0.0661695 0.00228496
1 0.652553 0.613649 0.0129743 0.0527095 0.00216115
0 0.722926 0.802381 0.0316223 0.155881 0.00206117
4 0.722926 0.802381 0.0316223 0.155881 0.00201778
1 0.610582 0.677422 0.00828161 0.0386253 0.00154534
1 0.884234 0.748388 0.0268076 0.226395 0.00153534
3 0.302221 0.592333 0.093692 0.449483 0.00145831
5 0.722926 0.802381 0.0316223 0.155881 0.0013804
0 0.732058 0.798827 0.0389914 0.159609 0.00132229
1 0.735143 0.690023 0.0119954 0.0713982 0.00127946
3 0.722926 0.802381 0.0316223 0.155881 0.00126825
1 0.734331 0.773138 0.0156229 0.111983 0.0012278
1 0.74746 0.810282 0.0273007 0.149663 0.00117439
1 0.885158 0.72261 0.0176193 0.110149 0.00115115
3 0.317696 0.77696 0.036179 0.206153 0.00106465
4 0.732058 0.798827 0.0389914 0.159609 0.00102273
3 0.30752 0.610577 0.072189 0.284289 0.0010113
