4 0.647255 0.604019 0.0391665 0.0943592 0.347803
1 0.713548 0.608503 0.009727 0.0572692 0.0213312
4 0.509938 0.543408 0.137601 0.298812 0.0124783
1 0.209776 0.636368 0.00558538 0.0242989 0.011002
1 0.646315 0.60524 0.0391574 0.0989308 0.00553219
1 0.929657 0.611542 0.00729122 0.0269386 0.00293082
0 0.647262 0.603903 0.0391947 0.0952897 0.00276627
1 0.270836 0.610901 0.00715818 0.0357662 0.00249891
0 0.885859 0.583023 0.0089716 0.0325087 0.00216376
5 0.647262 0.603903 0.0391947 0.0952897 0.00209962
1 0.973084 0.754568 0.0455708 0.171425 0.00201909
3 0.64667 0.603938 0.0394686 0.0934803 0.00178747
1 0.941767 0.609403 0.00711803 0.0275521 0.00167077
2 0.647262 0.603903 0.0391947 0.0952897 0.00159225
1 0.210929 0.636495 0.00682468 0.0297644 0.00148743
1 0.353462 0.58843 0.00590558 0.020602 0.00129745
3 0.928723 0.206825 0.0406162 0.102981 0.00117992
