4 0.814957 0.690174 0.142771 0.261758 0.907808
0 0.282393 0.749248 0.0247938 0.0637941 0.741605
0 0.814614 0.690015 0.141137 0.257867 0.0386621
1 0.283122 0.747923 0.0252352 0.0665593 0.0184499
1 0.546147 0.674037 0.010937 0.0468818 0.0144969
3 0.815237 0.691436 0.142135 0.25954 0.0130413
5 0.81481 0.691047 0.143621 0.258541 0.00734169
2 0.815233 0.690482 0.141705 0.258104 0.00673373
1 0.815883 0.689781 0.151474 0.254507 0.00608738
4 0.283122 0.747923 0.0252352 0.0665593 0.00275049
1 0.595827 0.638937 0.00755968 0.0443501 0.00250099
2 0.282441 0.749184 0.0252642 0.0635997 0.00249951
1 0.392008 0.664822 0.00964012 0.0672384 0.00231652
3 0.282695 0.750849 0.0245425 0.0665422 0.00230891
5 0.282505 0.749406 0.0249032 0.0644201 0.00191006
0 0.545937 0.673858 0.0134498 0.0485733 0.00184055
