1 0.301914 0.659538 0.0105752 0.0728639 0.752352
1 0.325888 0.662379 0.0115854 0.0736311 0.747837
1 0.351539 0.661133 0.0112339 0.0719045 0.740286
1 0.27531 0.658302 0.0137389 0.0852635 0.715202
1 0.383491 0.640163 0.00960207 0.0572045 0.456784
1 0.378376 0.639343 0.00897558 0.0516783 0.279511
1 0.280136 0.661167 0.0230579 0.0811044 0.211849
1 0.318143 0.663243 0.0283758 0.0752752 0.111749
1 0.334473 0.663659 0.0269434 0.076511 0.104469
1 0.375153 0.636969 0.00959253 0.0576353 0.0878878
1 0.388969 0.635801 0.0102233 0.0618538 0.0440166
3 0.0429337 0.36221 0.0742232 0.36819 0.0246274
1 0.352813 0.650618 0.0156827 0.0768071 0.0171421
3 0.445105 0.341653 0.0626234 0.138301 0.0143441
1 0.323473 0.668245 0.0120161 0.0715952 0.0132765
1 0.695005 0.564155 0.00797606 0.0548069 0.0103494
1 0.234468 0.549089 0.00900927 0.0550007 0.0081852
0 0.274505 0.65943 0.0153898 0.0869713 0.0080273
1 0.300689 0.585151 0.0100951 0.0729391 0.00744144
2 0.976939 0.86675 0.044565 0.0975442 0.00712504
1 0.221679 0.553012 0.00769734 0.0536492 0.00711441
0 0.301757 0.659497 0.0113636 0.074788 0.00645298
0 0.351354 0.661064 0.011873 0.0736137 0.00628645
1 0.396608 0.636226 0.00959949 0.0518525 0.00626396
1 0.575105 0.579176 0.00872231 0.063111 0.00621142
1 0.229531 0.548133 0.0135226 0.0549961 0.00567515
1 0.260812 0.64792 0.012451 0.0737437 0.00557381
3 0.27531 0.658302 0.0137389 0.0852635 0.00516403
0 0.325625 0.662353 0.0120815 0.0769883 0.0051124
3 0.976921 0.866638 0.0438612 0.103613 0.00491011
4 0.274075 0.659 0.0154274 0.0828415 0.00454949
3 0.301721 0.660272 0.0122511 0.0770339 0.00408819
1 0.350992 0.637286 0.0114823 0.0701987 0.0037996
3 0.351089 0.659444 0.0116113 0.0797624 0.00351358
4 0.538708 0.117877 0.893593 0.235753 0.00342511
1 0.159737 0.507134 0.00822315 0.0565528 0.00329642
3 0.325673 0.661704 0.0115867 0.0768687 0.00306864
0 0.280136 0.661167 0.0230579 0.0811044 0.00289219
3 0.439777 0.444592 0.0732711 0.317734 0.00281346
1 0.451173 0.595314 0.00586748 0.0352235 0.00277677
1 0.349655 0.669037 0.0124337 0.0731216 0.00274147
4 0.350285 0.661689 0.0143278 0.081364 0.00273482
1 0.976921 0.866638 0.0438612 0.103613 0.00269471
1 0.104618 0.51438 0.00936821 0.0624791 0.00265345
2 0.275111 0.658729 0.0138739 0.0836431 0.00260211
5 0.274825 0.658801 0.0146012 0.0860215 0.00258454
1 0.309812 0.650383 0.023624 0.0842128 0.0022956
2 0.32634 0.66012 0.0124614 0.0808339 0.00228568
1 0.507622 0.899071 0.00901852 0.0490545 0.00218694
2 0.350285 0.661689 0.0143278 0.081364 0.00215447
1 0.202562 0.563734 0.00825648 0.0677797 0.00212026
5 0.325888 0.662379 0.0115854 0.0736311 0.00200187
1 0.273657 0.655587 0.0215647 0.0923173 0.00197998
5 0.350285 0.661689 0.0143278 0.081364 0.00196331
2 0.301721 0.660272 0.0122511 0.0770339 0.00191451
3 0.202807 0.25562 0.124685 0.498292 0.00184924
4 0.302267 0.659352 0.0121925 0.0788103 0.00183218
1 0.201019 0.572291 0.00875406 0.0683738 0.0017906
5 0.301872 0.660085 0.0116894 0.0779996 0.00174547
4 0.325673 0.661704 0.0115867 0.0768687 0.00172026
0 0.334473 0.663659 0.0269434 0.076511 0.00164895
0 0.318143 0.663243 0.0283758 0.0752752 0.00161968
0 0.383417 0.63969 0.0104507 0.0542882 0.00161669
3 0.867259 0.450457 0.084783 0.145811 0.00160973
2 0.381572 0.637521 0.00999384 0.0570808 0.0015643
1 0.300916 0.599221 0.0130973 0.0853928 0.00152262
4 0.381883 0.637852 0.00926981 0.0585477 0.0015116
2 0.280136 0.661167 0.0230579 0.0811044 0.00149834
1 0.577936 0.585353 0.010635 0.0532681 0.00146509
3 0.382322 0.637303 0.0102563 0.0561105 0.00142298
5 0.381572 0.637521 0.00999384 0.0570808 0.00137464
4 0.280136 0.661167 0.0230579 0.0811044 0.00134336
0 0.378404 0.639532 0.00990639 0.0496648 0.00128907
1 0.25086 0.637858 0.00861464 0.0647079 0.00127362
1 0.256451 0.635633 0.0102697 0.0639548 0.00126301
4 0.550033 0.101557 0.601992 0.203114 0.00119342
3 0.194961 0.157477 0.0617056 0.29477 0.00117793
1 0.554698 0.586343 0.00913019 0.0517617 0.00116551
1 0.454959 0.916694 0.0121461 0.071855 0.00115229
1 0.572926 0.569512 0.00925255 0.0587227 0.00113002
2 0.378376 0.639343 0.00897558 0.0516783 0.00111127
3 0.280136 0.661167 0.0230579 0.0811044 0.0010593
1 0.312707 0.663216 0.0358647 0.092863 0.00105008
3 0.0413915 0.262202 0.0816816 0.253045 0.00103779
1 0.331915 0.63706 0.013054 0.0817776 0.00102916
5 0.280136 0.661167 0.0230579 0.0811044 0.00102255
