4 0.86842 0.647946 0.0518784 0.134809 0.525824
3 0.86682 0.648368 0.0566675 0.133968 0.0407961
0 0.867882 0.650456 0.0521078 0.132507 0.00552378
1 0.867882 0.650456 0.0521078 0.132507 0.00304133
2 0.867581 0.649999 0.0556694 0.13472 0.0029807
5 0.868422 0.649382 0.0557413 0.135955 0.00180125
3 0.899827 0.4504 0.200346 0.865558 0.0016717
3 0.922377 0.56162 0.0777042 0.745682 0.00136789
1 0.739879 0.725145 0.0252653 0.103524 0.00136703
3 0.870051 0.609728 0.0814732 0.374332 0.00105563
3 0.875797 0.678084 0.0740576 0.236429 0.00104218
