1 0.787601 0.708586 0.0187429 0.127279 0.774686
1 0.708271 0.657029 0.0122331 0.0746986 0.743308
1 0.83922 0.686511 0.0157822 0.109923 0.732872
1 0.743625 0.659746 0.011435 0.0736245 0.708317
1 0.816966 0.695513 0.0189539 0.11332 0.649341
1 0.806244 0.700793 0.0188873 0.12086 0.625825
1 0.762307 0.659488 0.0105257 0.0754505 0.55798
1 0.776873 0.662004 0.00989361 0.0820487 0.551673
1 0.726376 0.655656 0.0111566 0.075112 0.502432
1 0.689189 0.597391 0.00855246 0.0547994 0.433309
1 0.835057 0.687162 0.0171768 0.105624 0.402855
1 0.82307 0.694716 0.0286533 0.112341 0.384324
1 0.810055 0.701853 0.0336296 0.118855 0.258307
1 0.773508 0.67262 0.0225798 0.0959197 0.218287
1 0.713601 0.658356 0.0171974 0.071974 0.185839
1 0.718721 0.658225 0.0211046 0.0734542 0.177269
1 0.737106 0.659128 0.0191743 0.0703342 0.1708
1 0.75907 0.663413 0.0210878 0.078419 0.112639
1 0.820389 0.687725 0.0167273 0.102615 0.0740052
1 0.779753 0.684116 0.0205658 0.100281 0.073277
1 0.844695 0.686597 0.0109465 0.106937 0.0673478
1 0.689574 0.610133 0.0108662 0.0744644 0.0384214
1 0.730088 0.652506 0.0184386 0.0785282 0.0293058
1 0.764437 0.668419 0.0108654 0.0779694 0.0247183
3 0.497954 0.484216 0.995908 0.968433 0.0189363
1 0.753169 0.609903 0.0106842 0.112125 0.0128031
0 0.83603 0.690502 0.0173994 0.111825 0.00960024
0 0.778094 0.662407 0.0106901 0.0801039 0.00857508
0 0.814574 0.696278 0.0228067 0.115464 0.00808414
1 0.790242 0.68356 0.0154314 0.0977298 0.00775955
3 0.238467 0.462025 0.476933 0.863949 0.00738483
0 0.789176 0.707141 0.0228918 0.126018 0.00611745
1 0.805536 0.68737 0.0136827 0.0976071 0.00609215
0 0.708929 0.658653 0.0149558 0.0743168 0.00462649
1 0.835974 0.690351 0.0264071 0.115869 0.00461027
1 0.779278 0.683112 0.0338883 0.128472 0.00448801
4 0.814574 0.696278 0.0228067 0.115464 0.00447248
3 0.83922 0.686511 0.0157822 0.109923 0.00417095
4 0.83603 0.690502 0.0173994 0.111825 0.00409205
1 0.970934 0.766757 0.0372147 0.164325 0.00406091
4 0.787601 0.708586 0.0187429 0.127279 0.00401935
3 0.790427 0.706076 0.0198914 0.123604 0.00400533
1 0.705075 0.650822 0.013755 0.0881481 0.00389853
0 0.743236 0.659171 0.0119629 0.0726749 0.00375478
4 0.713601 0.658356 0.0171974 0.071974 0.0037141
0 0.762134 0.659771 0.011073 0.0787255 0.00367924
0 0.689103 0.597263 0.00998735 0.0551651 0.00364846
1 0.8164 0.713611 0.0139051 0.0884514 0.00364728
1 0.776602 0.648364 0.013333 0.0725435 0.00352573
3 0.708188 0.656961 0.0127061 0.0754961 0.00348309
5 0.789963 0.707428 0.020356 0.123804 0.00324336
1 0.786074 0.735521 0.0130987 0.0821966 0.00319557
4 0.737106 0.659128 0.0191743 0.0703342 0.0031815
3 0.81832 0.694387 0.0212925 0.114067 0.00316299
4 0.809332 0.703179 0.0207653 0.121562 0.00310283
3 0.806541 0.70065 0.0187263 0.119745 0.00296614
2 0.787601 0.708586 0.0187429 0.127279 0.00295812
3 0.743625 0.659746 0.011435 0.0736245 0.00283326
0 0.840478 0.685513 0.0162373 0.107894 0.00279031
4 0.82307 0.694716 0.0286533 0.112341 0.00272421
0 0.75907 0.663413 0.0210878 0.078419 0.00268824
5 0.806213 0.70062 0.019442 0.120423 0.0026806
1 0.756544 0.636507 0.0141289 0.114436 0.00254843
4 0.773508 0.67262 0.0225798 0.0959197 0.0024969
3 0.726553 0.657834 0.0118391 0.0738059 0.00249025
5 0.838811 0.686965 0.0166876 0.111428 0.00244203
0 0.809256 0.700046 0.0239609 0.117896 0.00240443
0 0.718721 0.658225 0.0211046 0.0734542 0.00239586
0 0.779753 0.684116 0.0205658 0.100281 0.00238539
2 0.816966 0.695513 0.0189539 0.11332 0.002369
5 0.817852 0.695006 0.0219105 0.115956 0.00235521
0 0.82307 0.694716 0.0286533 0.112341 0.00231531
2 0.809332 0.703179 0.0207653 0.121562 0.00229404
4 0.689189 0.597391 0.00855246 0.0547994 0.00229106
1 0.75257 0.586482 0.00942326 0.0666908 0.00227928
1 0.724283 0.668743 0.00902338 0.0676557 0.00222996
2 0.82307 0.694716 0.0286533 0.112341 0.00221201
4 0.807815 0.702838 0.0348841 0.126903 0.00205765
0 0.726027 0.655565 0.0118861 0.0740907 0.00201794
4 0.708929 0.658653 0.0149558 0.0743168 0.00198302
2 0.743625 0.659746 0.011435 0.0736245 0.00197679
2 0.831441 0.691049 0.0181967 0.109568 0.00195299
4 0.761307 0.655554 0.0117797 0.0754349 0.00194275
2 0.708271 0.657029 0.0122331 0.0746986 0.00193278
2 0.83603 0.690502 0.0173994 0.111825 0.00190536
0 0.773508 0.67262 0.0225798 0.0959197 0.0018134
3 0.764373 0.658713 0.0117935 0.0805616 0.00177254
5 0.707772 0.656904 0.012906 0.0734174 0.00172512
4 0.743236 0.659171 0.0119629 0.0726749 0.00169105
0 0.737106 0.659128 0.0191743 0.0703342 0.00166017
5 0.773508 0.67262 0.0225798 0.0959197 0.00163736
5 0.743625 0.659746 0.011435 0.0736245 0.0016157
0 0.713601 0.658356 0.0171974 0.071974 0.00157041
3 0.776745 0.66195 0.010022 0.0790714 0.00154957
5 0.723811 0.65478 0.0114491 0.0724575 0.00149487
1 0.789693 0.734595 0.0166723 0.0769229 0.00145855
1 0.750858 0.637041 0.0146456 0.120065 0.00142433
4 0.764137 0.658019 0.0111333 0.0821007 0.00142167
4 0.840478 0.685513 0.0162373 0.107894 0.00141397
4 0.0666304 0.548347 0.133261 0.20831 0.00140765
5 0.689103 0.597263 0.00998735 0.0551651 0.00139666
2 0.726027 0.655565 0.0118861 0.0740907 0.00139452
4 0.718721 0.658225 0.0211046 0.0734542 0.00138487
5 0.762307 0.659488 0.0105257 0.0754505 0.00138352
2 0.776745 0.66195 0.010022 0.0790714 0.00135964
3 0.972717 0.7734 0.0476351 0.184635 0.00135326
4 0.723811 0.65478 0.0114491 0.0724575 0.00134792
5 0.776745 0.66195 0.010022 0.0790714 0.00133581
4 0.776873 0.662004 0.00989361 0.0820487 0.00132383
3 0.493183 0.281921 0.96932 0.563843 0.00131142
2 0.763741 0.658023 0.0116638 0.0797923 0.00130475
3 0.0665905 0.553083 0.129607 0.231462 0.00129173
2 0.840478 0.685513 0.0162373 0.107894 0.00128809
3 0.834777 0.687123 0.017635 0.107223 0.00128486
1 0.451904 0.680881 0.0156309 0.0409385 0.00123465
1 0.803765 0.735412 0.0127583 0.0741754 0.001231
4 0.726553 0.657834 0.0118391 0.0738059 0.00122755
1 0.633348 0.585827 0.0131608 0.0478108 0.00122337
5 0.810055 0.701853 0.0336296 0.118855 0.00120873
3 0.689571 0.598042 0.00971317 0.0593902 0.0011844
4 0.75907 0.663413 0.0210878 0.078419 0.00117487
5 0.726553 0.657834 0.0118391 0.0738059 0.00117155
1 0.735764 0.658736 0.0344312 0.0830624 0.00115951
3 0.810055 0.701853 0.0336296 0.118855 0.00113096
4 0.638098 0.153561 0.723804 0.281811 0.00112928
3 0.723811 0.65478 0.0114491 0.0724575 0.00107432
2 0.713601 0.658356 0.0171974 0.071974 0.0010179
3 0.718721 0.658225 0.0211046 0.0734542 0.00100816
