3 0.824978 0.272875 0.0645887 0.125405 0.519254
1 0.0985559 0.6441 0.0104753 0.0566276 0.0660073
4 0.822644 0.273738 0.0653503 0.123928 0.0300652
0 0.822644 0.273738 0.0653503 0.123928 0.0173343
3 0.826735 0.296932 0.0741314 0.190104 0.0173125
3 0.833305 0.428559 0.078949 0.435903 0.0130963
1 0.274407 0.580076 0.00913029 0.0636325 0.0127102
0 0.0976371 0.646129 0.0155979 0.0611546 0.00949944
1 0.0586752 0.665609 0.00960115 0.0587317 0.00791529
1 0.823935 0.272724 0.0681339 0.124601 0.00695398
1 0.617923 0.634526 0.01073 0.0507924 0.0065011
0 0.97744 0.864603 0.0418911 0.090802 0.00616588
0 0.274092 0.576695 0.00890965 0.055021 0.00542118
1 0.10086 0.647899 0.00893781 0.0555005 0.00458128
2 0.825838 0.281088 0.0711517 0.126071 0.00366089
1 0.271 0.594468 0.0102119 0.068864 0.00247828
1 0.275358 0.56681 0.00983195 0.048816 0.00203178
5 0.825216 0.271787 0.0671452 0.125642 0.00199564
3 0.840544 0.289897 0.176868 0.243463 0.00197124
1 0.0980123 0.641575 0.0165295 0.0672615 0.0018051
1 0.257205 0.587451 0.00935955 0.0757938 0.00179114
0 0.257699 0.602684 0.0120228 0.0722899 0.00177868
1 0.334013 0.570071 0.00907316 0.0388362 0.00172971
3 0.778321 0.346404 0.0592306 0.120099 0.0016601
1 0.257699 0.602684 0.0120228 0.0722899 0.0014066
1 0.0572088 0.661869 0.0152444 0.0730431 0.00123753
3 0.835048 0.34927 0.0533279 0.273782 0.00113245
