4 0.342747 0.710547 0.0612422 0.125155 0.805392
0 0.907218 0.641857 0.0093502 0.0508054 0.138971
1 0.907002 0.643843 0.00791397 0.0484935 0.10927
4 0.654489 0.684744 0.034543 0.0992856 0.0263589
4 0.710498 0.849188 0.168998 0.244334 0.0173632
1 0.905423 0.64717 0.00810642 0.0589281 0.0149314
4 0.520912 0.723614 0.0920082 0.164365 0.0142112
4 0.0843705 0.611213 0.14502 0.396014 0.0108365
0 0.341741 0.71177 0.0598109 0.125841 0.0090092
1 0.972987 0.655017 0.00610886 0.0352201 0.00899084
2 0.342245 0.71189 0.0620654 0.127081 0.00652892
1 0.342288 0.710317 0.0619029 0.125167 0.00605967
3 0.34221 0.710368 0.0610934 0.123626 0.00580979
3 0.717406 0.846544 0.155846 0.235179 0.00549259
5 0.342245 0.71189 0.0620654 0.127081 0.00531422
1 0.907858 0.644313 0.0135057 0.0468108 0.00409371
1 0.861115 0.670919 0.0084589 0.0316659 0.00364912
0 0.905427 0.645402 0.00864906 0.0526187 0.00267224
4 0.330554 0.720095 0.202071 0.240304 0.00203689
4 0.661571 0.703306 0.0423496 0.124398 0.00166201
1 0.289556 0.705048 0.0113062 0.0856027 0.00163036
1 0.863992 0.672271 0.00793381 0.0290343 0.00152179
1 0.286346 0.703895 0.0131685 0.0888268 0.00131923
1 0.972902 0.650963 0.00871563 0.0431207 0.00111652
0 0.711823 0.850008 0.168602 0.24246 0.00110762
