3 0.77167 0.31985 0.0639701 0.111238 0.657706
1 0.265162 0.60189 0.0131546 0.0704146 0.0491087
0 0.265206 0.601362 0.0135389 0.0674712 0.0430265
0 0.977514 0.86382 0.0409256 0.0886714 0.0394161
3 0.77732 0.479312 0.0737941 0.44371 0.0361303
1 0.123322 0.642669 0.00891314 0.0603487 0.0227893
1 0.771308 0.313589 0.0605593 0.110951 0.0179482
0 0.77084 0.315721 0.0597749 0.116349 0.00806986
3 0.773444 0.403068 0.0606232 0.28234 0.00781099
4 0.77084 0.315721 0.0597749 0.116349 0.00480378
2 0.770758 0.317211 0.0625101 0.110533 0.00468206
1 0.213007 0.594729 0.00869021 0.0526994 0.00452707
1 0.219947 0.597498 0.0136272 0.0588066 0.00415102
1 0.930337 0.559724 0.0130081 0.0752532 0.0040082
1 0.228971 0.601439 0.0148133 0.0600878 0.00376031
1 0.283337 0.589904 0.0101935 0.067915 0.00368246
0 0.229857 0.600433 0.0155136 0.0590635 0.00307718
5 0.769801 0.315225 0.0624329 0.110218 0.00269774
1 0.234246 0.604798 0.0111091 0.0597788 0.00257879
1 0.122308 0.644674 0.0146965 0.062989 0.0021316
1 0.263509 0.589939 0.0105867 0.068832 0.00209074
1 0.607879 0.636588 0.0115369 0.0455476 0.00203076
4 0.775301 0.503939 0.0811252 0.462616 0.00157919
3 0.761518 0.308097 0.204567 0.281434 0.00139362
1 0.278623 0.594774 0.0109775 0.0682101 0.00125439
1 0.97739 0.864039 0.0408964 0.0891976 0.00122832
3 0.977206 0.859562 0.0404343 0.0835487 0.00118567
