0 0.823866 0.711066 0.0274431 0.0801253 0.79666
1 0.25218 0.86791 0.0246196 0.157171 0.762759
3 0.355107 0.686536 0.0639287 0.236561 0.656363
1 0.765492 0.71474 0.0118416 0.0770966 0.628119
1 0.301716 0.868465 0.0243904 0.163624 0.512851
3 0.212247 0.668854 0.05801 0.548403 0.50259
3 0.797228 0.604029 0.0645726 0.26892 0.244783
0 0.299773 0.867528 0.0274423 0.16833 0.153116
1 0.560588 0.750679 0.0103462 0.0834251 0.0894599
0 0.259513 0.687586 0.0131635 0.0598165 0.0892073
0 0.811086 0.709095 0.0199598 0.0777418 0.0870786
1 0.570077 0.743176 0.0115988 0.0808704 0.0510902
1 0.794392 0.613726 0.0593928 0.269364 0.0340585
0 0.251574 0.868727 0.0244056 0.158173 0.0317498
1 0.259513 0.687586 0.0131635 0.0598165 0.0236756
0 0.284078 0.850408 0.0302799 0.138629 0.0228952
0 0.810227 0.693918 0.0553419 0.125811 0.021608
0 0.293304 0.857483 0.0350155 0.15731 0.0214243
1 0.786582 0.706391 0.0103559 0.0732824 0.0204994
1 0.353845 0.688878 0.0630383 0.223604 0.0197675
0 0.816752 0.710947 0.0502693 0.101652 0.0194127
1 0.302886 0.892678 0.019805 0.110925 0.0145686
0 0.767035 0.707252 0.0154915 0.0783961 0.0135881
0 0.355107 0.686536 0.0639287 0.236561 0.0129842
0 0.797228 0.604029 0.0645726 0.26892 0.0126987
1 0.566523 0.745207 0.0131557 0.0917216 0.0123497
3 0.79437 0.633707 0.0463467 0.24237 0.0119731
3 0.301716 0.868465 0.0243904 0.163624 0.00950667
3 0.252359 0.868197 0.0264624 0.15973 0.00698511
3 0.221432 0.576754 0.0652273 0.383471 0.00690285
1 0.82134 0.712782 0.0304352 0.0793584 0.00669523
3 0.210016 0.671086 0.158614 0.579754 0.00512445
1 0.293505 0.863869 0.0393572 0.162751 0.00504687
1 0.285865 0.852212 0.0330292 0.150632 0.00488767
3 0.810227 0.693918 0.0553419 0.125811 0.00486398
3 0.352368 0.677412 0.1537 0.279316 0.00452119
4 0.252618 0.86711 0.0256515 0.158109 0.00450911
0 0.212247 0.668854 0.05801 0.548403 0.00431775
1 0.259146 0.864457 0.0330606 0.14463 0.00420643
1 0.629699 0.768234 0.0216187 0.155987 0.00405718
3 0.260186 0.688195 0.0167485 0.0706859 0.00403391
0 0.257304 0.682569 0.0213776 0.233728 0.00397807
2 0.25218 0.86791 0.0246196 0.157171 0.00390307
3 0.765725 0.712686 0.0138345 0.0778592 0.00379542
5 0.252025 0.868494 0.0253458 0.149116 0.0035941
1 0.789859 0.696417 0.0141111 0.0883489 0.00336881
3 0.291201 0.866444 0.0516419 0.167617 0.00331095
5 0.301716 0.868465 0.0243904 0.163624 0.00314155
4 0.353804 0.688774 0.061881 0.229106 0.00310199
5 0.354223 0.685745 0.0649754 0.243176 0.00293784
2 0.353978 0.68477 0.0655169 0.241178 0.00289333
2 0.823228 0.713054 0.0296556 0.078918 0.0028744
4 0.765822 0.712727 0.013881 0.0734072 0.00284675
1 0.811086 0.709095 0.0199598 0.0777418 0.00270935
2 0.765538 0.715257 0.0120024 0.0719326 0.00267951
4 0.539841 0.11317 0.888766 0.226339 0.00260881
2 0.301716 0.868465 0.0243904 0.163624 0.00251964
1 0.212247 0.668854 0.05801 0.548403 0.00249362
1 0.274378 0.869432 0.0484398 0.164167 0.0022515
1 0.764991 0.70966 0.016436 0.0939438 0.00218743
1 0.664194 0.797433 0.019652 0.108711 0.00208028
0 0.302901 0.878953 0.0199131 0.132665 0.00207341
3 0.823228 0.713054 0.0296556 0.078918 0.00206843
3 0.687572 0.731491 0.104569 0.250109 0.00203732
3 0.210393 0.595344 0.0456102 0.296859 0.00203028
4 0.820287 0.712656 0.0305607 0.0796435 0.00201863
1 0.782577 0.71055 0.0168942 0.0675131 0.00199235
4 0.301798 0.868402 0.0219936 0.158295 0.0019798
5 0.212247 0.668854 0.05801 0.548403 0.00196987
5 0.82134 0.712782 0.0304352 0.0793584 0.00187889
1 0.25723 0.879288 0.0232387 0.131597 0.00186305
1 0.791524 0.637866 0.0398723 0.227497 0.00183549
1 0.298523 0.838464 0.0205278 0.115899 0.00181784
3 0.794954 0.539117 0.0827337 0.184578 0.00175338
5 0.76559 0.714282 0.0121831 0.0785344 0.00171012
3 0.257304 0.682569 0.0213776 0.233728 0.00169295
3 0.263009 0.871106 0.0506768 0.16581 0.00168132
3 0.800128 0.61341 0.157149 0.334752 0.00165458
0 0.84057 0.884622 0.0847755 0.227264 0.00163409
0 0.566523 0.745207 0.0131557 0.0917216 0.0016236
2 0.212247 0.668854 0.05801 0.548403 0.00156682
0 0.563342 0.748644 0.0141272 0.0816776 0.00153576
0 0.705405 0.736195 0.068752 0.256419 0.00153144
4 0.212247 0.668854 0.05801 0.548403 0.00148754
0 0.786962 0.705383 0.0124281 0.0705477 0.00141108
1 0.257304 0.682569 0.0213776 0.233728 0.00133867
0 0.569806 0.743046 0.0127892 0.081876 0.0013373
3 0.27628 0.326414 0.0453113 0.133166 0.00124423
3 0.355475 0.636656 0.0746768 0.152216 0.00122038
2 0.79691 0.604922 0.0688823 0.297167 0.00120023
5 0.79725 0.606309 0.0695517 0.302087 0.00118914
4 0.799728 0.606309 0.0669045 0.288508 0.00108568
3 0.816752 0.710947 0.0502693 0.101652 0.00107984
0 0.274378 0.869432 0.0484398 0.164167 0.00105027
1 0.633028 0.741233 0.029892 0.203239 0.00102699
0 0.826848 0.866706 0.0561543 0.213593 0.00101442
1 0.211388 0.857273 0.0276204 0.172053 0.00100312
