3 0.363742 0.658884 0.0372216 0.22988 0.144412
3 0.364384 0.575517 0.0299916 0.0579818 0.0672727
3 0.352567 0.689172 0.0594961 0.227619 0.0508389
3 0.331103 0.638408 0.100842 0.345201 0.0176898
1 0.282287 0.718746 0.0191843 0.150114 0.0145491
3 0.101094 0.776734 0.118292 0.179595 0.011565
3 0.343256 0.7117 0.069187 0.16534 0.0105232
3 0.288242 0.53029 0.0478656 0.251681 0.00843288
3 0.365744 0.62311 0.0347572 0.152214 0.00732273
3 0.32992 0.573348 0.118729 0.343217 0.00650225
3 0.281988 0.715592 0.0203079 0.155068 0.00614576
3 0.494458 0.43843 0.0597499 0.121552 0.00555977
1 0.65527 0.66382 0.0084794 0.0498968 0.00433227
1 0.652162 0.665966 0.00998173 0.0496031 0.00404907
3 0.984709 0.555625 0.0281361 0.209964 0.00334146
3 0.0807766 0.75274 0.079105 0.154992 0.00303837
1 0.632227 0.662781 0.00888824 0.0541468 0.00291071
3 0.816135 0.621493 0.0834532 0.195043 0.00284528
0 0.985681 0.552091 0.0273966 0.215293 0.00274772
3 0.746672 0.400501 0.148212 0.328231 0.00265727
1 0.636338 0.665352 0.00950937 0.050904 0.0026256
1 0.363047 0.659041 0.0375286 0.235415 0.00226015
1 0.35346 0.695232 0.0572711 0.190068 0.00224552
1 0.643894 0.671216 0.00985441 0.0491264 0.00221587
3 0.282797 0.666814 0.0310395 0.292274 0.00203227
3 0.82119 0.627345 0.0597446 0.1558 0.00187831
3 0.289005 0.616033 0.0465063 0.384356 0.0017768
0 0.364881 0.631797 0.0333889 0.170199 0.00174232
3 0.353056 0.564437 0.0767472 0.215523 0.00164705
4 0.35346 0.695232 0.0572711 0.190068 0.00158494
3 0.365708 0.595221 0.02949 0.108584 0.00158383
3 0.496582 0.528388 0.0681789 0.304656 0.00150803
3 0.331032 0.513832 0.140941 0.275576 0.00143953
4 0.364674 0.573334 0.0268817 0.0555487 0.00139496
3 0.97214 0.57419 0.0544662 0.257187 0.00139317
0 0.352567 0.689172 0.0594961 0.227619 0.001267
4 0.443044 0.116291 0.886088 0.232582 0.0012006
1 0.282675 0.746927 0.0129448 0.100665 0.00117662
3 0.362999 0.656542 0.0621379 0.260534 0.00114809
1 0.279559 0.69533 0.0175438 0.134113 0.00114003
2 0.363047 0.659041 0.0375286 0.235415 0.00113433
2 0.364465 0.573462 0.0303358 0.0569686 0.00113126
1 0.65454 0.671081 0.0108812 0.0530636 0.00105185
4 0.363047 0.659041 0.0375286 0.235415 0.0010398
2 0.348862 0.704859 0.0623842 0.176312 0.00102965
3 0.129575 0.779256 0.115335 0.178882 0.00101435
