1 0.120852 0.822315 0.0177413 0.121249 0.846389
1 0.228308 0.789097 0.0154319 0.0978772 0.795822
1 0.262064 0.771698 0.0130524 0.0824122 0.70862
1 0.199327 0.756724 0.0100592 0.0675424 0.627928
1 0.147624 0.753654 0.0113408 0.0722744 0.615913
1 0.244755 0.766391 0.0134677 0.0786145 0.58129
1 0.0909408 0.773925 0.0149202 0.128192 0.391093
1 0.0876419 0.790359 0.0164284 0.122195 0.312028
1 0.0928166 0.754241 0.0114397 0.0840907 0.305331
1 0.039212 0.750531 0.010324 0.0773956 0.253664
1 0.235155 0.781588 0.0204041 0.0988446 0.196185
1 0.059305 0.761159 0.0137705 0.0852259 0.150177
1 0.0625373 0.767684 0.0137006 0.0914056 0.084461
1 0.0818271 0.777872 0.0254143 0.120356 0.0668911
1 0.14431 0.76471 0.0147593 0.0777213 0.0476059
1 0.0447555 0.752517 0.015948 0.0775628 0.0418901
1 0.0672887 0.770715 0.0164849 0.101097 0.0280826
1 0.258499 0.779964 0.0174737 0.0822135 0.0173395
0 0.147681 0.754085 0.0118059 0.0711823 0.0126518
1 0.229008 0.788518 0.0241038 0.10629 0.0125065
1 0.087872 0.782748 0.0264163 0.132718 0.00644709
0 0.260668 0.77502 0.0158822 0.0823256 0.00630747
1 0.170759 0.662579 0.00894275 0.0477138 0.00607056
0 0.22779 0.789648 0.0160946 0.099628 0.00559581
0 0.199218 0.75693 0.0103097 0.0671539 0.00556864
0 0.120167 0.823786 0.0175923 0.127515 0.00524928
0 0.24378 0.765492 0.0128757 0.0717056 0.00482215
3 0.121243 0.822191 0.0185946 0.121828 0.00469971
2 0.262064 0.771698 0.0130524 0.0824122 0.00447228
5 0.120619 0.822366 0.0179328 0.124395 0.00441165
1 0.149356 0.769018 0.0156043 0.0902069 0.00402023
0 0.0928166 0.754241 0.0114397 0.0840907 0.00400214
1 0.242765 0.75434 0.0105364 0.0747191 0.00397149
2 0.121239 0.821124 0.0174072 0.120069 0.0037871
0 0.235155 0.781588 0.0204041 0.0988446 0.00372597
4 0.120619 0.822366 0.0179328 0.124395 0.00360888
1 0.0718102 0.782011 0.0172953 0.0982198 0.00356075
0 0.0889888 0.778166 0.0168636 0.120203 0.00348728
3 0.227829 0.79021 0.0136857 0.0950679 0.00329691
4 0.227918 0.790026 0.0175579 0.100589 0.00312936
4 0.26095 0.774051 0.0163216 0.083459 0.00303896
1 0.491135 0.602019 0.0104489 0.0713459 0.00301874
5 0.22779 0.789648 0.0160946 0.099628 0.00292281
3 0.26095 0.774051 0.0163216 0.083459 0.00285737
2 0.228308 0.789097 0.0154319 0.0978772 0.00269371
5 0.26189 0.771873 0.0145591 0.0823851 0.00264107
2 0.147681 0.754085 0.0118059 0.0711823 0.0026126
1 0.258553 0.773057 0.0261537 0.0929915 0.00258071
1 0.240495 0.784552 0.0146982 0.0861888 0.00254704
1 0.0404916 0.753161 0.0161613 0.0832275 0.0024662
1 0.0555097 0.754019 0.010698 0.0813019 0.00236562
4 0.0882217 0.783886 0.0175881 0.121515 0.00235507
1 0.198641 0.736394 0.0141182 0.10494 0.00227987
3 0.0882217 0.783886 0.0175881 0.121515 0.00223123
2 0.199456 0.757832 0.010256 0.0661231 0.00220779
4 0.199327 0.756724 0.0100592 0.0675424 0.00220763
3 0.147717 0.753792 0.0125245 0.0727249 0.00216263
4 0.918001 0.132943 0.163999 0.241485 0.00215689
4 0.147969 0.755239 0.0135398 0.0702481 0.00205067
5 0.199218 0.75693 0.0103097 0.0671539 0.0020346
2 0.244028 0.767715 0.0137517 0.0753571 0.0020012
5 0.147848 0.753411 0.0121046 0.0743625 0.00193601
3 0.244755 0.766391 0.0134677 0.0786145 0.00191524
2 0.0909408 0.773925 0.0149202 0.128192 0.00190363
5 0.244755 0.766391 0.0134677 0.0786145 0.00176196
3 0.199456 0.757832 0.010256 0.0661231 0.00170078
5 0.0909408 0.773925 0.0149202 0.128192 0.0016156
2 0.0876419 0.790359 0.0164284 0.122195 0.00154625
4 0.235155 0.781588 0.0204041 0.0988446 0.00145423
4 0.0928166 0.754241 0.0114397 0.0840907 0.00141649
4 0.24378 0.765492 0.0128757 0.0717056 0.00141456
3 0.0914819 0.772436 0.0149111 0.125219 0.00137853
2 0.0928166 0.754241 0.0114397 0.0840907 0.0013477
3 0.0928166 0.754241 0.0114397 0.0840907 0.00127394
5 0.0928166 0.754241 0.0114397 0.0840907 0.00126476
1 0.165282 0.666793 0.0100001 0.0564201 0.00124414
1 0.195573 0.66151 0.00864077 0.0514131 0.00106322
5 0.0876419 0.790359 0.0164284 0.122195 0.00105664
3 0.235155 0.781588 0.0204041 0.0988446 0.00103308
1 0.0613064 0.766916 0.0295132 0.103331 0.00102949
