1 0.675108 0.786301 0.0174347 0.119608 0.741498
3 0.335474 0.701514 0.0736438 0.325908 0.626775
1 0.69414 0.778675 0.0180943 0.113057 0.440382
1 0.69833 0.777091 0.020778 0.124597 0.33464
1 0.71533 0.774613 0.0187726 0.144854 0.274477
1 0.687877 0.782331 0.0243937 0.113676 0.262994
0 0.678774 0.783467 0.0212775 0.115404 0.0678236
0 0.674262 0.788988 0.018436 0.119795 0.040714
1 0.681332 0.776086 0.0173111 0.112329 0.03494
4 0.332916 0.697875 0.0793007 0.328019 0.020964
3 0.24578 0.533398 0.0933032 0.397163 0.0179114
1 0.708 0.769852 0.0196359 0.135972 0.0134211
0 0.693826 0.779317 0.0180395 0.112619 0.0131356
0 0.687877 0.782331 0.0243937 0.113676 0.0104442
0 0.33466 0.702266 0.0761252 0.322333 0.0101918
1 0.638938 0.627625 0.00842247 0.0488647 0.00962678
3 0.789446 0.503031 0.373147 0.96298 0.00946332
3 0.342337 0.698951 0.146869 0.336358 0.00796587
3 0.544212 0.531251 0.911577 0.937498 0.00759295
0 0.0924719 0.94254 0.0569636 0.114921 0.00612013
1 0.335474 0.701514 0.0736438 0.325908 0.00607395
1 0.653608 0.626604 0.0097435 0.0470224 0.00580966
1 0.600806 0.662599 0.00928078 0.0708969 0.00552118
1 0.671744 0.802076 0.0178848 0.12654 0.00507617
0 0.715146 0.776639 0.0221357 0.131226 0.0050647
2 0.334776 0.703332 0.0764536 0.320001 0.00475788
3 0.71533 0.774613 0.0187726 0.144854 0.00465747
3 0.242334 0.446234 0.0881692 0.221688 0.00458626
5 0.335474 0.701514 0.0736438 0.325908 0.00428028
3 0.675237 0.786568 0.0184428 0.120855 0.00384954
1 0.641314 0.628335 0.0100937 0.0496236 0.00366078
3 0.69414 0.778675 0.0180943 0.113057 0.00340499
3 0.698841 0.776462 0.020152 0.124394 0.00285795
1 0.66799 0.794591 0.0178959 0.133845 0.00244132
5 0.674262 0.788988 0.018436 0.119795 0.00234283
4 0.674262 0.788988 0.018436 0.119795 0.00233511
0 0.698444 0.776818 0.0229346 0.126467 0.0022338
1 0.679084 0.792784 0.0289151 0.123666 0.00210748
1 0.645073 0.624951 0.015491 0.050316 0.00209846
2 0.674262 0.788988 0.018436 0.119795 0.00208733
2 0.064171 0.814243 0.12414 0.241288 0.00202411
0 0.0356721 0.941267 0.0713441 0.117466 0.00168154
4 0.679467 0.783293 0.0209606 0.115153 0.00121151
1 0.653978 0.619445 0.0130077 0.0575412 0.00115269
1 0.714039 0.742281 0.0218205 0.183744 0.0011407
5 0.69414 0.778675 0.0180943 0.113057 0.00113856
5 0.679467 0.783293 0.0209606 0.115153 0.00111608
4 0.69414 0.778675 0.0180943 0.113057 0.0010639
4 0.687877 0.782331 0.0243937 0.113676 0.00105917
2 0.71533 0.774613 0.0187726 0.144854 0.00103694
5 0.698444 0.776818 0.0229346 0.126467 0.00102877
1 0.842198 0.594535 0.0115141 0.0802929 0.00102749
2 0.0356721 0.941267 0.0713441 0.117466 0.00102459
