4 0.401748 0.69984 0.0478354 0.0971976 0.712153
4 0.528313 0.716162 0.0907192 0.160033 0.0551729
1 0.879379 0.671874 0.00879917 0.0804921 0.022706
1 0.883216 0.639253 0.00611362 0.0448195 0.0190807
1 0.879297 0.682948 0.00701542 0.0532611 0.0160591
0 0.883697 0.638277 0.00720558 0.040482 0.0147534
1 0.364433 0.69889 0.0090868 0.0615428 0.0123414
2 0.4011 0.699125 0.0496026 0.0931893 0.0079608
1 0.355047 0.698322 0.0124001 0.0633623 0.00739773
1 0.401517 0.699637 0.0481308 0.094331 0.00575432
3 0.64196 0.840136 0.100876 0.292597 0.00534141
0 0.401517 0.699637 0.0481308 0.094331 0.0052882
3 0.4011 0.699125 0.0496026 0.0931893 0.00511089
5 0.402129 0.69987 0.0477041 0.0950963 0.00389791
3 0.154513 0.416754 0.309026 0.833509 0.00375664
0 0.528313 0.716162 0.0907192 0.160033 0.00301063
1 0.349705 0.695512 0.00924745 0.0675742 0.00206492
4 0.641811 0.833292 0.0986407 0.29498 0.00139576
1 0.364882 0.695349 0.0211392 0.068817 0.00124687
1 0.451052 0.67662 0.00683622 0.0423338 0.00116155
4 0.402917 0.698667 0.0612874 0.128513 0.00108589
