4 0.403368 0.707836 0.0324643 0.0660383 0.685871
1 0.0827869 0.748506 0.00732903 0.0610009 0.0924799
1 0.0238706 0.748425 0.0134047 0.0719457 0.0265202
1 0.0277256 0.748762 0.0126795 0.0688683 0.0187469
1 0.0556735 0.745287 0.00902815 0.0768809 0.0184226
1 0.0429943 0.749684 0.0131581 0.0694217 0.00709355
1 0.402585 0.70734 0.0320144 0.0691657 0.00447424
1 0.363538 0.704515 0.00984178 0.0478463 0.00439715
0 0.402381 0.707331 0.0313636 0.068828 0.00427856
3 0.403368 0.707836 0.0324643 0.0660383 0.00409867
1 0.0674802 0.752288 0.0119918 0.065239 0.00316584
2 0.402381 0.707331 0.0313636 0.068828 0.00313999
1 0.0823801 0.749346 0.0124012 0.0636702 0.00309272
5 0.402981 0.706718 0.031209 0.07 0.00302707
1 0.0209606 0.765654 0.0180355 0.107967 0.00221715
1 0.012335 0.752026 0.0122817 0.0846125 0.00180504
1 0.0128302 0.741605 0.00882383 0.0693493 0.00147207
1 0.0771312 0.75079 0.0162817 0.064692 0.00131449
1 0.114404 0.743868 0.00720823 0.0400365 0.00122052
1 0.0750264 0.742481 0.0100768 0.0741718 0.001032
