4 0.160234 0.755129 0.124926 0.254783 0.920287
1 0.664153 0.794485 0.0113131 0.0925437 0.0407778
1 0.262334 0.711773 0.0102827 0.0710364 0.019512
1 0.664581 0.786802 0.0141719 0.126547 0.0131076
0 0.261891 0.711564 0.0095808 0.0669237 0.00972627
0 0.159967 0.755407 0.121968 0.252713 0.00890494
3 0.160948 0.755596 0.124056 0.245154 0.00799695
2 0.159967 0.755407 0.121968 0.252713 0.00717425
1 0.160948 0.755596 0.124056 0.245154 0.00576834
5 0.160948 0.755596 0.124056 0.245154 0.00538728
0 0.916495 0.67898 0.010858 0.0329405 0.00530801
1 0.260094 0.717267 0.00902557 0.072663 0.00400079
4 0.6664 0.791644 0.0183366 0.131407 0.00392034
1 0.902735 0.884581 0.0439388 0.215629 0.00385854
1 0.26732 0.705444 0.00959034 0.0808402 0.00383822
1 0.666505 0.761281 0.0187286 0.177794 0.00342376
0 0.747198 0.830612 0.177475 0.234458 0.00309088
4 0.75432 0.842075 0.174633 0.236818 0.00281418
1 0.280492 0.702897 0.0106562 0.0889298 0.00127868
0 0.261483 0.714377 0.0143456 0.0758143 0.00113659
1 0.917263 0.679202 0.00961761 0.0335156 0.00112468
