1 0.802001 0.667645 0.0153719 0.111327 0.658898
1 0.829377 0.672328 0.0149035 0.0961014 0.643067
1 0.852311 0.66569 0.0130632 0.0945211 0.59326
1 0.768467 0.643174 0.0107025 0.0656092 0.59302
1 0.82097 0.670795 0.0220562 0.104739 0.547392
1 0.752242 0.641484 0.00961714 0.071872 0.536287
1 0.806503 0.668947 0.0210035 0.112125 0.515633
1 0.783 0.643127 0.0115147 0.0661565 0.469589
1 0.847425 0.667935 0.0203316 0.0950981 0.457236
1 0.757865 0.640546 0.0172236 0.0659386 0.366937
1 0.843002 0.668976 0.0144974 0.0916703 0.363913
0 0.976719 0.862462 0.0399448 0.0827016 0.327547
1 0.787621 0.646864 0.0192287 0.0710836 0.273788
1 0.833272 0.672841 0.0273407 0.100886 0.24279
1 0.814829 0.671278 0.0377445 0.109762 0.24106
1 0.779385 0.644783 0.0135557 0.0679675 0.122429
1 0.774717 0.643943 0.0198241 0.071414 0.0977333
1 0.752393 0.625005 0.0118037 0.10734 0.0892581
3 0.430678 0.297203 0.130916 0.580882 0.0678783
1 0.769136 0.642435 0.0194088 0.0674188 0.0566406
1 0.816004 0.664289 0.0133251 0.109782 0.0518329
3 0.976874 0.860672 0.0407074 0.0805433 0.0488546
3 0.060515 0.25832 0.0358618 0.179036 0.0298243
1 0.751704 0.604208 0.0100804 0.100199 0.0279439
1 0.977201 0.86333 0.0402107 0.0823369 0.024304
1 0.80184 0.691175 0.0127613 0.0783804 0.0240291
3 0.46947 0.294372 0.334289 0.584184 0.020233
1 0.752834 0.6463 0.0148614 0.0705613 0.0193529
1 0.816768 0.690466 0.0123726 0.0791871 0.013055
3 0.398206 0.33182 0.200825 0.641634 0.0123647
1 0.828486 0.690451 0.0118996 0.0716695 0.011947
3 0.671836 0.396063 0.0825787 0.162607 0.00929959
1 0.060515 0.25832 0.0358618 0.179036 0.00788085
1 0.801479 0.645606 0.0145096 0.0755601 0.00748699
0 0.801705 0.672816 0.0212337 0.118593 0.00543679
3 0.481555 0.316962 0.195241 0.582038 0.00532136
0 0.752149 0.641562 0.0103405 0.0718409 0.00516334
0 0.849927 0.668314 0.014572 0.096034 0.00500256
1 0.799317 0.638573 0.00981731 0.0661862 0.00488937
3 0.443354 0.359515 0.0851564 0.546193 0.00480553
3 0.349521 0.354153 0.446042 0.669234 0.00473369
3 0.537234 0.303158 0.745935 0.572796 0.00450868
1 0.799971 0.675093 0.023382 0.114086 0.00410668
3 0.285417 0.462277 0.547962 0.879786 0.00408711
1 0.191787 0.654513 0.0192122 0.0742558 0.00381716
0 0.768272 0.642953 0.0113637 0.0639478 0.00377838
3 0.973341 0.729789 0.0499987 0.359146 0.00365768
4 0.13143 0.554899 0.15174 0.19673 0.00362804
1 0.751294 0.586073 0.0087965 0.0608281 0.00352047
1 0.802759 0.609583 0.0113344 0.138211 0.0035018
0 0.814829 0.671278 0.0377445 0.109762 0.00347651
1 0.80385 0.582134 0.0095787 0.0717773 0.00333662
3 0.829377 0.672328 0.0149035 0.0961014 0.00328709
0 0.779385 0.644783 0.0135557 0.0679675 0.0031601
3 0.852311 0.66569 0.0130632 0.0945211 0.00315852
3 0.0727772 0.255468 0.0706794 0.182244 0.00315769
3 0.806503 0.668947 0.0210035 0.112125 0.00308278
3 0.231359 0.335251 0.0814641 0.139239 0.00290204
3 0.82097 0.670795 0.0220562 0.104739 0.0028316
3 0.242113 0.338156 0.179477 0.229605 0.00279397
0 0.782694 0.643696 0.0122015 0.0641237 0.00268616
2 0.829045 0.672014 0.0148403 0.0951165 0.00266014
0 0.833272 0.672841 0.0273407 0.100886 0.0026069
0 0.973341 0.729789 0.0499987 0.359146 0.00252148
3 0.802001 0.667645 0.0153719 0.111327 0.00252061
3 0.545887 0.440631 0.844947 0.85965 0.00251647
2 0.852405 0.668639 0.0122044 0.0890653 0.00249792
4 0.849927 0.668314 0.014572 0.096034 0.00235997
0 0.820285 0.670468 0.0225828 0.105818 0.00235468
5 0.849927 0.668314 0.014572 0.096034 0.00226847
1 0.856634 0.664805 0.00956554 0.092615 0.00224596
3 0.847425 0.667935 0.0203316 0.0950981 0.00223692
4 0.810201 0.675886 0.0292511 0.110237 0.00220383
4 0.752149 0.641562 0.0103405 0.0718409 0.00209816
2 0.810201 0.675886 0.0292511 0.110237 0.00205701
0 0.806503 0.668947 0.0210035 0.112125 0.00204705
2 0.843002 0.668976 0.0144974 0.0916703 0.00204328
3 0.768272 0.642953 0.0113637 0.0639478 0.00193551
3 0.752149 0.641562 0.0103405 0.0718409 0.00186063
4 0.830783 0.673458 0.0205545 0.101975 0.00185858
2 0.977201 0.86333 0.0402107 0.0823369 0.0018497
3 0.783 0.643127 0.0115147 0.0661565 0.00184284
0 0.829045 0.672014 0.0148403 0.0951165 0.00181211
5 0.802001 0.667645 0.0153719 0.111327 0.00181061
3 0.757865 0.640546 0.0172236 0.0659386 0.00180217
2 0.768208 0.64716 0.0126173 0.0669408 0.00178869
3 0.131089 0.562645 0.16419 0.222895 0.00170701
5 0.810201 0.675886 0.0292511 0.110237 0.00168202
2 0.817831 0.673468 0.0166113 0.100961 0.00165971
4 0.976874 0.860672 0.0407074 0.0805433 0.00164812
0 0.774717 0.643943 0.0198241 0.071414 0.00164064
0 0.787621 0.646864 0.0192287 0.0710836 0.00161698
5 0.829728 0.670039 0.0170563 0.0977177 0.00161538
3 0.424509 0.366541 0.0917409 0.492798 0.00161116
5 0.82097 0.670795 0.0220562 0.104739 0.00158296
1 0.804278 0.58797 0.011628 0.107049 0.00154823
4 0.768272 0.642953 0.0113637 0.0639478 0.00154408
5 0.783 0.643127 0.0115147 0.0661565 0.00154157
2 0.804036 0.675105 0.0185545 0.107801 0.00153276
4 0.801705 0.672816 0.0212337 0.118593 0.00152952
0 0.769136 0.642435 0.0194088 0.0674188 0.00147886
5 0.752149 0.641562 0.0103405 0.0718409 0.0014398
0 0.757865 0.640546 0.0172236 0.0659386 0.00140705
5 0.768467 0.643174 0.0107025 0.0656092 0.00140509
2 0.847032 0.667763 0.0204609 0.0960139 0.00137449
4 0.782694 0.643696 0.0122015 0.0641237 0.0013194
2 0.782694 0.643696 0.0122015 0.0641237 0.00130838
5 0.833272 0.672841 0.0273407 0.100886 0.00129476
5 0.976874 0.860672 0.0407074 0.0805433 0.00129011
2 0.833272 0.672841 0.0273407 0.100886 0.001266
4 0.82097 0.670795 0.0220562 0.104739 0.00125604
3 0.843002 0.668976 0.0144974 0.0916703 0.00123651
0 0.801037 0.678987 0.0138851 0.100262 0.00123169
0 0.985393 0.510035 0.0224548 0.052557 0.00122984
3 0.814829 0.671278 0.0377445 0.109762 0.00120738
0 0.430678 0.297203 0.130916 0.580882 0.00114391
0 0.982751 0.506277 0.0314665 0.0705984 0.00111608
3 0.833272 0.672841 0.0273407 0.100886 0.00111553
0 0.977485 0.800783 0.0414822 0.232982 0.00109443
2 0.752149 0.641562 0.0103405 0.0718409 0.00108983
2 0.757865 0.640546 0.0172236 0.0659386 0.00108438
4 0.757865 0.640546 0.0172236 0.0659386 0.00106726
1 0.852855 0.690278 0.00959835 0.0536744 0.00105089
