1 0.321588 0.637529 0.0101484 0.0675721 0.700246
1 0.359176 0.63963 0.00940046 0.0660354 0.692849
1 0.341661 0.638775 0.0105904 0.0669047 0.545346
1 0.378789 0.643047 0.00996704 0.0588098 0.532922
1 0.394153 0.62958 0.0100446 0.0523132 0.279507
1 0.362092 0.643303 0.0150561 0.0581249 0.279328
1 0.338678 0.638376 0.0144033 0.0632952 0.226127
1 0.397577 0.629744 0.00745125 0.0499099 0.189632
3 0.977091 0.868042 0.0431393 0.0800668 0.0937234
1 0.399729 0.632486 0.00889368 0.0454607 0.0832121
2 0.975915 0.865167 0.0434347 0.0772146 0.0544328
1 0.304134 0.60297 0.0104058 0.063564 0.051278
1 0.367217 0.645518 0.0308805 0.0621086 0.0373697
1 0.345453 0.639195 0.0221603 0.064165 0.0291379
1 0.332203 0.631699 0.0110138 0.0723639 0.0247772
3 0.0809286 0.405636 0.0524265 0.273434 0.0240601
1 0.36558 0.637521 0.00917683 0.0638053 0.0137394
1 0.308781 0.615378 0.0102363 0.0748007 0.0135035
1 0.0850886 0.551731 0.00944023 0.0725239 0.0116891
1 0.976717 0.869366 0.043508 0.0796819 0.010617
3 0.285592 0.284726 0.108414 0.569452 0.00954459
1 0.563785 0.588971 0.00867996 0.0475534 0.0087596
1 0.392428 0.619552 0.0119792 0.0752354 0.00816442
0 0.975915 0.865167 0.0434347 0.0772146 0.00749995
1 0.397833 0.628269 0.0126745 0.0531873 0.00717572
0 0.321315 0.637446 0.0104965 0.0663506 0.00682642
4 0.590897 0.115651 0.755737 0.231302 0.0067038
1 0.701935 0.576406 0.016188 0.0600853 0.00597507
0 0.358988 0.6393 0.00952115 0.0636495 0.00564513
1 0.163006 0.531614 0.00861034 0.072034 0.00465581
1 0.451369 0.591499 0.00719414 0.0395682 0.0043078
3 0.0840502 0.313228 0.0445883 0.0984938 0.00408596
1 0.454613 0.91439 0.00949888 0.0684418 0.00384507
1 0.558548 0.592104 0.0122621 0.0431575 0.00339144
3 0.973549 0.724016 0.0506014 0.390902 0.00323656
4 0.976518 0.866041 0.0430967 0.08029 0.00319601
1 0.30452 0.593757 0.00774164 0.0575739 0.00305843
1 0.689404 0.575296 0.00974245 0.0584444 0.0028235
1 0.594421 0.583841 0.00881014 0.0539446 0.00272519
0 0.341436 0.639078 0.0111252 0.0662619 0.00269947
3 0.321315 0.637446 0.0104965 0.0663506 0.00261056
1 0.546068 0.591108 0.00903091 0.0412031 0.00260413
5 0.975915 0.865167 0.0434347 0.0772146 0.00250217
4 0.321526 0.637086 0.0102072 0.0674524 0.00244165
2 0.35807 0.639834 0.0100259 0.0625726 0.00236127
2 0.321526 0.637086 0.0102072 0.0674524 0.0023181
2 0.34157 0.638484 0.0108708 0.06593 0.00231454
1 0.0854091 0.572692 0.0124431 0.0990956 0.00229561
0 0.378747 0.642841 0.0109325 0.0577819 0.00222917
5 0.321402 0.63683 0.0109344 0.067309 0.00221738
2 0.378797 0.647194 0.0111907 0.055547 0.00217772
5 0.341373 0.638107 0.0114845 0.067601 0.00217606
3 0.341436 0.639078 0.0111252 0.0662619 0.0021606
5 0.357727 0.63938 0.010814 0.0630894 0.00214691
1 0.372283 0.649503 0.0118428 0.0655955 0.00213964
3 0.378747 0.642841 0.0109325 0.0577819 0.00209126
4 0.34157 0.638484 0.0108708 0.06593 0.00197273
1 0.0854681 0.551967 0.0150277 0.102427 0.00187142
4 0.35807 0.639834 0.0100259 0.0625726 0.0018357
1 0.309452 0.615483 0.0174298 0.0822982 0.00179748
1 0.306046 0.610442 0.0148246 0.071802 0.00160436
1 0.382805 0.909366 0.0200414 0.113495 0.0015898
0 0.362168 0.642825 0.0160883 0.057476 0.00156827
1 0.318055 0.635528 0.0123263 0.0739005 0.00154627
1 0.593702 0.571664 0.0100864 0.0692168 0.001541
2 0.397577 0.629744 0.00745125 0.0499099 0.00153484
4 0.378747 0.642841 0.0109325 0.0577819 0.00148659
1 0.470535 0.589829 0.00688868 0.0348143 0.00141167
5 0.378789 0.643047 0.00996704 0.0588098 0.00136695
3 0.358988 0.6393 0.00952115 0.0636495 0.00134856
1 0.691592 0.572071 0.0104717 0.055751 0.00133814
0 0.973549 0.724016 0.0506014 0.390902 0.00131181
0 0.703207 0.575963 0.0145053 0.0579335 0.00123266
1 0.304079 0.588343 0.0111544 0.0659161 0.00123083
2 0.394153 0.62958 0.0100446 0.0523132 0.00121442
3 0.441304 0.371033 0.0660201 0.133965 0.00115314
1 0.128639 0.5461 0.0118003 0.0971382 0.00109782
1 0.578497 0.577872 0.00888052 0.065428 0.00107589
1 0.506129 0.898211 0.00918732 0.0486655 0.00105743
1 0.16604 0.537404 0.0117328 0.0732413 0.00103825
1 0.455104 0.92262 0.0127876 0.0902846 0.00101032
