4 0.498554 0.674124 0.0348052 0.0658104 0.246335
4 0.374861 0.690591 0.0383584 0.0678672 0.0221718
1 0.936031 0.644454 0.00552711 0.0425813 0.0131935
4 0.075913 0.645823 0.147923 0.200533 0.00736478
1 0.891437 0.643322 0.00866871 0.041082 0.00645329
4 0.495938 0.66152 0.0291018 0.0466757 0.00533016
3 0.132836 0.412419 0.0381566 0.0971114 0.00366091
1 0.498371 0.675519 0.0346741 0.0657505 0.00308383
1 0.375488 0.688968 0.0318085 0.0669358 0.00305079
0 0.224793 0.693069 0.0145494 0.033389 0.00278646
1 0.936999 0.653433 0.00574341 0.0299519 0.00255627
5 0.498554 0.674124 0.0348052 0.0658104 0.00231119
1 0.93584 0.633382 0.00618534 0.0449257 0.00208343
1 0.921165 0.635492 0.00642815 0.0360863 0.00202244
0 0.751362 0.237366 0.0174944 0.0612014 0.00196973
4 0.864472 0.64898 0.0470421 0.0727445 0.00193483
0 0.735235 0.251437 0.0418475 0.0835083 0.00184286
3 0.498554 0.674124 0.0348052 0.0658104 0.00183622
4 0.469417 0.666068 0.0143182 0.0333371 0.00180248
1 0.932131 0.635011 0.00846653 0.0413059 0.00178615
0 0.498438 0.674316 0.035038 0.0604554 0.00167449
1 0.725819 0.682013 0.00612116 0.0283134 0.00165308
2 0.498435 0.673786 0.0346547 0.0612031 0.00157127
0 0.413682 0.720316 0.0197017 0.0272368 0.00147514
1 0.889942 0.647615 0.00766468 0.0396473 0.00143544
4 0.378451 0.688083 0.0504271 0.0864289 0.00132862
1 0.837007 0.684951 0.00633087 0.0260171 0.00122099
0 0.444466 0.661126 0.0101606 0.0364664 0.00121821
4 0.479179 0.66626 0.0188982 0.0476076 0.00110057
0 0.891437 0.643322 0.00866871 0.041082 0.00105407
1 0.734499 0.962058 0.00797319 0.0254318 0.00103974
1 0.345441 0.701896 0.00967813 0.051653 0.00101336
