3 0.886958 0.214263 0.0713579 0.148263 0.716945
1 0.631826 0.637327 0.012484 0.0548038 0.012349
0 0.886268 0.214934 0.0701092 0.147363 0.0108049
1 0.608149 0.629265 0.00954008 0.0494674 0.0106869
1 0.887238 0.215427 0.0702599 0.145367 0.00782391
3 0.889044 0.343495 0.0673807 0.351578 0.00742793
4 0.886268 0.214934 0.0701092 0.147363 0.00554251
2 0.887337 0.217019 0.0696281 0.144286 0.00488838
3 0.896568 0.208171 0.156485 0.223006 0.00466331
5 0.887238 0.215427 0.0702599 0.145367 0.00424986
1 0.251008 0.616648 0.00942588 0.0653761 0.00395694
1 0.628549 0.637653 0.0133341 0.0522051 0.0033566
3 0.89303 0.421751 0.075345 0.586327 0.00296606
1 0.611528 0.62862 0.0129136 0.0587157 0.0026554
0 0.97745 0.865196 0.0434143 0.101452 0.00244274
1 0.265543 0.575308 0.00838571 0.0524747 0.00223721
1 0.25206 0.627599 0.00715561 0.0483005 0.00217418
3 0.783602 0.337892 0.060512 0.124084 0.00216384
1 0.407263 0.687133 0.0148336 0.0775712 0.00202646
1 0.248345 0.606643 0.0105642 0.0752793 0.00186493
0 0.631759 0.637437 0.0126279 0.0528746 0.00124907
1 0.0732772 0.649383 0.00748701 0.0572894 0.00100707
