4 0.839958 0.630525 0.161918 0.310779 0.916033
1 0.096281 0.761553 0.0371196 0.128756 0.592586
4 0.550427 0.596615 0.0137506 0.0436894 0.0264836
0 0.842927 0.628501 0.168677 0.303147 0.0152037
1 0.539142 0.60663 0.00769825 0.0413055 0.0137619
3 0.842927 0.628501 0.168677 0.303147 0.013585
5 0.840306 0.62784 0.163333 0.302353 0.0135628
1 0.543952 0.601904 0.0124661 0.0490523 0.0131295
2 0.842927 0.628501 0.168677 0.303147 0.0128538
1 0.842927 0.628501 0.168677 0.303147 0.00976318
0 0.0958071 0.761544 0.0373456 0.127219 0.0089665
2 0.0942349 0.761741 0.0370484 0.127772 0.00809515
4 0.0950871 0.760517 0.037673 0.129834 0.00647667
1 0.536818 0.608052 0.00999222 0.041109 0.00644643
1 0.534094 0.6096 0.00875978 0.0399836 0.00610864
1 0.550427 0.596615 0.0137506 0.0436894 0.00509296
5 0.0958071 0.761544 0.0373456 0.127219 0.00453866
3 0.0950871 0.760517 0.037673 0.129834 0.00427575
4 0.466799 0.527379 0.136627 0.300314 0.00395455
1 0.167913 0.590872 0.00631266 0.0362634 0.00244569
1 0.166267 0.584958 0.00609884 0.026631 0.00240708
1 0.0798574 0.632905 0.010412 0.0401816 0.00212457
1 0.955743 0.703454 0.0209742 0.140063 0.0020626
1 0.170372 0.547478 0.0139963 0.0478699 0.00172237
1 0.164632 0.583894 0.00621591 0.026895 0.00145517
5 0.553036 0.596082 0.0157287 0.0441295 0.00102629
