1 0.128081 0.810297 0.0202083 0.139443 0.878053
1 0.236878 0.727036 0.00754948 0.0492328 0.618762
1 0.261232 0.728264 0.0079062 0.0474543 0.617938
1 0.34567 0.739529 0.0113389 0.0630683 0.586189
1 0.306472 0.731824 0.0103026 0.059258 0.568842
1 0.106934 0.778271 0.016559 0.0978555 0.557873
1 0.0910838 0.828391 0.0203388 0.163252 0.54054
1 0.382524 0.730036 0.0091464 0.0514708 0.464134
1 0.0749463 0.748474 0.0125896 0.0719903 0.446288
1 0.269941 0.727722 0.00913105 0.049909 0.372228
1 0.365555 0.730391 0.0133072 0.0553304 0.321381
1 0.283068 0.730448 0.00839739 0.051259 0.294718
1 0.296083 0.730578 0.0190781 0.0562124 0.289366
1 0.0978559 0.80646 0.0239568 0.158321 0.251629
1 0.361902 0.731259 0.0109898 0.0604343 0.247373
1 0.0606453 0.73906 0.0118418 0.0637906 0.237871
1 0.110954 0.817711 0.0315467 0.150123 0.231878
1 0.280431 0.730088 0.0123727 0.050522 0.209903
1 0.337674 0.731618 0.0092577 0.0632384 0.207032
1 0.0795258 0.750734 0.0161166 0.0768312 0.204982
1 0.266515 0.728182 0.014751 0.0469006 0.196517
1 0.0987539 0.767812 0.0154578 0.0940891 0.188591
1 0.0666532 0.742467 0.0168504 0.0678311 0.151117
1 0.0899934 0.761205 0.0130131 0.0823575 0.143
1 0.333967 0.72963 0.00796347 0.0526299 0.122436
0 0.381156 0.730238 0.0109639 0.0544863 0.0496118
1 0.354496 0.737614 0.0118649 0.0611854 0.0492217
1 0.377722 0.732442 0.014344 0.0547399 0.0302251
1 0.260694 0.728985 0.0134388 0.0487725 0.0299893
1 0.0909524 0.849856 0.0174434 0.113863 0.0261562
1 0.269684 0.727554 0.0143384 0.0531813 0.0250213
1 0.381632 0.730241 0.0140795 0.0570201 0.0220872
1 0.341072 0.738859 0.0116367 0.0570694 0.0200587
1 0.235298 0.727148 0.012577 0.0519479 0.0198475
1 0.274134 0.729801 0.0174252 0.048134 0.0176186
1 0.0373227 0.722795 0.00939572 0.0540348 0.0154326
1 0.0508733 0.73097 0.0171342 0.0603048 0.0126817
1 0.25969 0.735002 0.00775242 0.051093 0.0125643
1 0.087237 0.753181 0.0117081 0.0792065 0.00678906
0 0.12785 0.810071 0.0202884 0.139523 0.00659786
1 0.0410759 0.724222 0.0153063 0.0669461 0.00536125
0 0.344955 0.740075 0.0139404 0.0630249 0.00439938
1 0.334124 0.72946 0.0130047 0.0569336 0.00431643
1 0.05793 0.730259 0.0139351 0.0772415 0.00427607
2 0.0749463 0.748474 0.0125896 0.0719903 0.00421462
3 0.128471 0.811902 0.0199998 0.135919 0.0041689
0 0.582197 0.676757 0.011447 0.0299556 0.00414548
0 0.359385 0.73355 0.0126507 0.0565372 0.00411951
2 0.0606453 0.73906 0.0118418 0.0637906 0.00409673
0 0.236824 0.726378 0.00873384 0.0495249 0.00404041
5 0.128332 0.810435 0.0206717 0.145514 0.00403884
2 0.128332 0.810435 0.0206717 0.145514 0.00384109
0 0.0910838 0.828391 0.0203388 0.163252 0.00371765
4 0.127863 0.81131 0.0191864 0.139502 0.00368229
1 0.00505193 0.715413 0.00791426 0.0542016 0.00331641
2 0.0910838 0.828391 0.0203388 0.163252 0.00324128
0 0.261127 0.727737 0.00871515 0.04663 0.00320451
1 0.702863 0.672753 0.00683022 0.0418306 0.00315128
0 0.306299 0.732078 0.0130493 0.0591573 0.00301361
0 0.104565 0.77891 0.0163342 0.0969976 0.00292767
1 0.235959 0.734405 0.0074017 0.0512967 0.00287999
2 0.34559 0.739415 0.0119649 0.0631744 0.00274304
4 0.104565 0.77891 0.0163342 0.0969976 0.00251702
1 0.00768469 0.71286 0.00816916 0.0568687 0.00246251
3 0.0904682 0.826534 0.021063 0.152184 0.0024139
2 0.381425 0.730301 0.0101501 0.0527571 0.00235787
0 0.0978559 0.80646 0.0239568 0.158321 0.00231748
5 0.0910838 0.828391 0.0203388 0.163252 0.00230153
3 0.34559 0.739415 0.0119649 0.0631744 0.00225189
4 0.34559 0.739415 0.0119649 0.0631744 0.00216117
2 0.30591 0.730298 0.0103467 0.0595323 0.00216054
3 0.236963 0.727163 0.00849586 0.0483795 0.00207768
3 0.306257 0.73127 0.0111115 0.058863 0.0020065
4 0.0910838 0.828391 0.0203388 0.163252 0.00199466
0 0.269627 0.727654 0.00985365 0.0498633 0.00198382
3 0.107189 0.777033 0.0167689 0.0996482 0.00194011
2 0.260284 0.728877 0.00753708 0.0497982 0.00191376
5 0.305673 0.730082 0.010967 0.0591678 0.00185724
4 0.236563 0.727082 0.00848327 0.0509199 0.00185254
4 0.306613 0.733305 0.0153721 0.0571635 0.00182779
4 0.260284 0.728877 0.00753708 0.0497982 0.00182747
0 0.628132 0.686598 0.00974569 0.0346478 0.0018141
2 0.107189 0.777033 0.0167689 0.0996482 0.00179364
1 0.238586 0.735341 0.00975237 0.062217 0.00172538
2 0.236563 0.727082 0.00848327 0.0509199 0.0017228
1 0.0858795 0.825275 0.0328052 0.187186 0.00170662
4 0.381425 0.730301 0.0101501 0.0527571 0.00167349
3 0.381213 0.729865 0.0106001 0.0537777 0.00167223
2 0.269627 0.727654 0.00985365 0.0498633 0.00160677
5 0.345273 0.738404 0.0119586 0.0650357 0.00159625
5 0.260291 0.728715 0.00842876 0.0495236 0.00158441
2 0.0663896 0.74168 0.0171575 0.0657104 0.0015126
5 0.382524 0.730036 0.0091464 0.0514708 0.00150456
0 0.0776275 0.755377 0.0154742 0.0748857 0.00150286
5 0.23647 0.726802 0.00931053 0.0509757 0.00149743
0 0.0742728 0.747363 0.017583 0.0719677 0.00149456
2 0.283068 0.730448 0.00839739 0.051259 0.00146495
2 0.110954 0.817711 0.0315467 0.150123 0.00146294
5 0.107189 0.777033 0.0167689 0.0996482 0.00143973
5 0.0748941 0.747733 0.0135198 0.0725132 0.00140882
3 0.0978559 0.80646 0.0239568 0.158321 0.00138718
4 0.0749463 0.748474 0.0125896 0.0719903 0.00133148
4 0.269941 0.727722 0.00913105 0.049909 0.00132717
3 0.36553 0.729468 0.0142804 0.0551083 0.00130121
4 0.283068 0.730448 0.00839739 0.051259 0.00125046
2 0.36553 0.729468 0.0142804 0.0551083 0.00124225
5 0.282588 0.730313 0.0092114 0.053281 0.0012372
0 0.0986468 0.767901 0.0168291 0.0901538 0.0012323
5 0.269627 0.727654 0.00985365 0.0498633 0.00122165
0 0.36553 0.729468 0.0142804 0.0551083 0.00121439
3 0.261127 0.727737 0.00871515 0.04663 0.00120518
1 0.303612 0.725902 0.00922627 0.0624295 0.00119487
1 0.0763234 0.746049 0.025471 0.0768726 0.00117983
5 0.0978559 0.80646 0.0239568 0.158321 0.00113471
3 0.0749463 0.748474 0.0125896 0.0719903 0.00113081
4 0.0978559 0.80646 0.0239568 0.158321 0.00112963
4 0.296083 0.730578 0.0190781 0.0562124 0.00112738
4 0.110954 0.817711 0.0315467 0.150123 0.00112518
5 0.361713 0.731761 0.011671 0.0587372 0.00111468
0 0.282588 0.730313 0.0092114 0.053281 0.00105151
4 0.280431 0.730088 0.0123727 0.050522 0.00105083
2 0.079567 0.750688 0.0166184 0.0734478 0.00104674
0 0.377722 0.732442 0.014344 0.0547399 0.00102787
4 0.0609666 0.738854 0.0129226 0.0627087 0.00101886
0 0.110954 0.817711 0.0315467 0.150123 0.00100146
