1 0.0744976 0.760469 0.0269404 0.125517 0.590011
4 0.668609 0.609124 0.0753613 0.160331 0.528228
1 0.734706 0.666845 0.0076725 0.042586 0.375972
1 0.985669 0.607457 0.00880947 0.0489606 0.228257
1 0.936529 0.590576 0.00737209 0.0260652 0.0604902
0 0.985943 0.606931 0.010145 0.0458831 0.0543346
0 0.936529 0.590576 0.00737209 0.0260652 0.0399576
1 0.706086 0.660805 0.00870953 0.0649698 0.0293383
1 0.570588 0.59405 0.00647802 0.0308168 0.0267847
1 0.0762851 0.740095 0.0227321 0.0941318 0.0243364
4 0.461145 0.534309 0.142304 0.372573 0.0197697
1 0.557806 0.592866 0.00783215 0.0296765 0.0142997
1 0.962024 0.589033 0.00709858 0.0326152 0.0119903
1 0.902807 0.570975 0.00692406 0.0608354 0.0112792
1 0.0662098 0.563173 0.00664208 0.0367106 0.010789
1 0.733913 0.667431 0.0120543 0.0455767 0.0101191
4 0.0354509 0.523236 0.0562936 0.117065 0.00663607
0 0.0741149 0.760018 0.0279736 0.125296 0.00564137
1 0.967737 0.597942 0.00867729 0.0464096 0.00543522
1 0.0975699 0.587919 0.00956073 0.0601733 0.00522246
0 0.668609 0.609124 0.0753613 0.160331 0.00484671
1 0.904126 0.584807 0.00809593 0.0311224 0.00397692
2 0.0726182 0.76096 0.0278898 0.124299 0.00392012
3 0.0739219 0.755259 0.0283636 0.128431 0.00390568
4 0.0735938 0.758926 0.028016 0.126617 0.00373284
1 0.338915 0.589435 0.00678177 0.0212261 0.00370058
1 0.66792 0.60877 0.0769282 0.161258 0.00367829
0 0.937002 0.58955 0.0129013 0.0305044 0.00353131
5 0.66792 0.60877 0.0769282 0.161258 0.00350825
2 0.66803 0.609338 0.0770643 0.165968 0.00333023
5 0.0741149 0.760018 0.0279736 0.125296 0.00303718
0 0.984037 0.610152 0.015748 0.052139 0.00272862
4 0.659499 0.594658 0.176257 0.238208 0.00271365
1 0.148418 0.607542 0.00792849 0.0533131 0.0026606
1 0.202958 0.620644 0.00572171 0.0283871 0.00265975
3 0.66792 0.60877 0.0769282 0.161258 0.0026051
1 0.987276 0.609812 0.0141712 0.0513717 0.00256273
1 0.201049 0.620842 0.00533586 0.025933 0.00244469
2 0.734706 0.666845 0.0076725 0.042586 0.00227095
1 0.974313 0.618604 0.00851231 0.0608252 0.00216957
1 0.937002 0.58955 0.0129013 0.0305044 0.00214768
1 0.149626 0.610757 0.00743389 0.0413217 0.00214352
1 0.725882 0.665698 0.0173194 0.0567187 0.00204749
0 0.961969 0.589954 0.00790405 0.0303573 0.00197342
0 0.734927 0.666946 0.00881119 0.0416092 0.00186604
1 0.706352 0.659738 0.0137589 0.0689732 0.00151228
1 0.359824 0.577714 0.00687275 0.0223994 0.00147126
4 0.734706 0.666845 0.0076725 0.042586 0.00135557
0 0.968641 0.598068 0.0102242 0.0458327 0.00125838
1 0.914075 0.591348 0.00681 0.0275503 0.0012556
1 0.128707 0.604788 0.020583 0.0636528 0.00121217
1 0.33227 0.591419 0.00830369 0.023923 0.0011919
1 0.550163 0.594021 0.0103181 0.0296766 0.00118672
1 0.721577 0.667333 0.00967598 0.0522242 0.00117116
4 0.705224 0.665672 0.00957155 0.0598132 0.00104928
4 0.985669 0.607457 0.00880947 0.0489606 0.00104391
