4 0.389306 0.679733 0.026276 0.0559009 0.636534
1 0.703382 0.67363 0.00945997 0.037127 0.0262151
1 0.669763 0.671837 0.00579653 0.0296888 0.0124009
1 0.696552 0.672616 0.00962877 0.0333409 0.0111497
1 0.699464 0.673509 0.0114597 0.0358106 0.0104915
5 0.389086 0.680596 0.0259469 0.0561559 0.0100692
1 0.389229 0.679412 0.0248294 0.0539349 0.00488255
2 0.389229 0.679412 0.0248294 0.0539349 0.00368272
3 0.389306 0.679733 0.026276 0.0559009 0.00310371
0 0.389132 0.680461 0.026121 0.0544604 0.00308963
1 0.0207773 0.726966 0.0100637 0.0668121 0.00202793
1 0.682972 0.670382 0.00872993 0.0264531 0.00199711
1 0.703704 0.673015 0.0148807 0.0404817 0.00151673
1 0.869823 0.960967 0.00836124 0.0294961 0.00120916
2 0.703382 0.67363 0.00945997 0.037127 0.00103826
