4 0.264898 0.730603 0.085931 0.173858 0.924174
1 0.873716 0.799659 0.0118971 0.069838 0.0617851
1 0.929763 0.648635 0.0069725 0.0562107 0.0312898
4 0.25983 0.731253 0.157079 0.213688 0.0133713
0 0.265498 0.7287 0.0853348 0.174422 0.0109973
2 0.265498 0.7287 0.0853348 0.174422 0.00985555
4 0.664779 0.723715 0.0251922 0.137496 0.00941034
1 0.265016 0.730679 0.0868169 0.167515 0.00768862
3 0.265016 0.730679 0.0868169 0.167515 0.00640791
5 0.265016 0.730679 0.0868169 0.167515 0.00625006
1 0.9323 0.645549 0.00757809 0.0422803 0.00438696
1 0.890704 0.675192 0.00741978 0.0315438 0.00428066
4 0.26679 0.735106 0.0596642 0.130244 0.00390087
4 0.742931 0.846802 0.182978 0.236664 0.00335771
1 0.883978 0.677567 0.0086298 0.0356425 0.00260241
0 0.352217 0.301575 0.0186409 0.0715744 0.0025447
1 0.930831 0.642152 0.00727825 0.0533031 0.00253289
1 0.892977 0.677511 0.00836773 0.0331256 0.00252449
0 0.930254 0.645001 0.00688286 0.0503825 0.00224579
1 0.880674 0.678662 0.00946331 0.0348818 0.00211149
4 0.668433 0.711493 0.037836 0.129467 0.00202845
1 0.390999 0.698749 0.00942879 0.0410534 0.0017419
4 0.515042 0.722567 0.0863759 0.150173 0.00134795
1 0.328709 0.705734 0.00728402 0.0629301 0.00127125
5 0.664779 0.723715 0.0251922 0.137496 0.00119635
1 0.929885 0.647171 0.0122623 0.0593796 0.00116551
