1 0.169436 0.776384 0.0265856 0.134712 0.827641
1 0.108166 0.776971 0.0221765 0.117235 0.417742
3 0.344266 0.460615 0.0379642 0.25446 0.0411648
1 0.143195 0.547121 0.00886497 0.0730983 0.0340831
3 0.313698 0.314082 0.107377 0.628164 0.0234465
1 0.344266 0.460615 0.0379642 0.25446 0.0194816
1 0.166299 0.760571 0.0195638 0.12117 0.0110607
0 0.169898 0.775508 0.0281532 0.132816 0.0108674
1 0.178046 0.685603 0.0180799 0.123929 0.0104229
4 0.169023 0.774278 0.0272225 0.138533 0.00955666
1 0.218149 0.677446 0.0168869 0.116681 0.00796863
1 0.14754 0.550871 0.00910523 0.0708886 0.00789667
3 0.169023 0.774278 0.0272225 0.138533 0.00615949
5 0.16948 0.776033 0.0273127 0.134715 0.00595677
2 0.169023 0.774278 0.0272225 0.138533 0.00590996
3 0.108212 0.776184 0.0243372 0.111774 0.0047897
3 0.265747 0.552252 0.0405234 0.0835223 0.00417409
1 0.333298 0.672689 0.0143714 0.088148 0.00416799
1 0.111815 0.793877 0.0255894 0.152041 0.00349174
1 0.181747 0.682917 0.0173468 0.1097 0.00343279
0 0.107734 0.776263 0.024183 0.11169 0.0031824
2 0.108566 0.775837 0.0240736 0.125276 0.00290722
1 0.140744 0.544553 0.010919 0.0676265 0.00286271
4 0.108626 0.776513 0.0240244 0.122632 0.00286015
5 0.107734 0.776263 0.024183 0.11169 0.00208157
3 0.327083 0.298047 0.170394 0.568842 0.00200662
1 0.980589 0.607207 0.0252331 0.15349 0.00194681
1 0.346172 0.666788 0.00825601 0.0677842 0.00171171
1 0.336067 0.679633 0.0128412 0.0532303 0.00170526
1 0.105258 0.750351 0.0205779 0.122716 0.00158904
1 0.331787 0.692622 0.0110762 0.0530905 0.00139607
3 0.335399 0.465604 0.0651161 0.263372 0.00136885
1 0.221287 0.684673 0.0169214 0.0973278 0.00123791
1 0.283022 0.628978 0.0141859 0.135792 0.00117921
1 0.283515 0.596667 0.00751457 0.0528566 0.00115121
3 0.392477 0.305223 0.451439 0.567359 0.00106784
