4 0.0919595 0.769163 0.183811 0.322416 0.94758
0 0.0942477 0.767076 0.188132 0.308064 0.0182415
3 0.0942477 0.767076 0.188132 0.308064 0.0168114
2 0.0942477 0.767076 0.188132 0.308064 0.0147058
5 0.0942102 0.763625 0.187346 0.309132 0.013221
1 0.839329 0.802721 0.0180452 0.0785894 0.012452
1 0.0942102 0.763625 0.187346 0.309132 0.00977683
4 0.747353 0.843908 0.180752 0.236871 0.00569848
4 0.0470821 0.756028 0.0918436 0.297748 0.0014961
0 0.747353 0.843908 0.180752 0.236871 0.00117042
4 0.668 0.724487 0.0205862 0.0849677 0.00100861
