4 0.488705 0.538163 0.131693 0.329317 0.0149698
1 0.641774 0.599017 0.00667448 0.0458265 0.0129609
1 0.701733 0.598233 0.00683413 0.0361035 0.00566015
1 0.727507 0.59773 0.00560465 0.0304643 0.00557612
0 0.889087 0.537741 0.0107506 0.0353165 0.0050795
0 0.989156 0.412907 0.0195244 0.0969442 0.00441455
1 0.598741 0.598147 0.0102178 0.0477166 0.00384044
0 0.796927 0.591962 0.00977078 0.0325099 0.00350795
1 0.727975 0.600692 0.00830927 0.0334912 0.0031732
1 0.591031 0.612171 0.00741558 0.0434291 0.0031626
1 0.889087 0.537741 0.0107506 0.0353165 0.00307435
1 0.592979 0.603416 0.00994434 0.0511779 0.00273837
1 0.699741 0.608352 0.00716629 0.0345317 0.00233079
1 0.797553 0.592996 0.00788136 0.0315388 0.00223348
1 0.940548 0.520031 0.00741043 0.0460233 0.00220705
1 0.292682 0.597825 0.00591865 0.034212 0.00194115
0 0.889613 0.542319 0.0145489 0.0287813 0.0017973
1 0.574692 0.628381 0.00857248 0.0454547 0.00148122
1 0.730744 0.615873 0.00957823 0.0411587 0.00133546
1 0.741172 0.635308 0.00837412 0.0330955 0.00117901
1 0.293515 0.605068 0.00672588 0.0291081 0.00116777
1 0.960082 0.52029 0.00852451 0.0518863 0.00110114
