3 0.0976086 0.56315 0.0650055 0.483006 0.34571
3 0.462947 0.361979 0.0680261 0.130475 0.0181899
1 0.669598 0.674155 0.0123502 0.0587977 0.0180465
1 0.18802 0.778321 0.0195248 0.12567 0.0172227
3 0.0946421 0.389095 0.0564159 0.134173 0.014731
1 0.840329 0.559882 0.00720902 0.0519299 0.0138049
3 0.643202 0.550482 0.0455525 0.270667 0.0136324
3 0.194459 0.42666 0.0644092 0.640528 0.0130857
1 0.635827 0.667718 0.00940228 0.0573789 0.0110754
3 0.0934693 0.469375 0.0632236 0.301307 0.0110053
1 0.672702 0.671568 0.00987158 0.0569319 0.0108623
1 0.840205 0.558059 0.0104027 0.0653687 0.0103416
4 0.489658 0.117905 0.941507 0.235809 0.0101456
3 0.0822618 0.606514 0.0941308 0.563643 0.00742105
3 0.466744 0.414737 0.0629662 0.260913 0.0067081
1 0.656264 0.673186 0.0114659 0.0544238 0.00514062
0 0.0976086 0.56315 0.0650055 0.483006 0.00379113
1 0.646526 0.672937 0.0118689 0.0550366 0.00371633
1 0.193085 0.784172 0.0159923 0.10998 0.00363042
3 0.0985445 0.566497 0.153144 0.503406 0.00344372
3 0.466551 0.503209 0.065072 0.386523 0.00338501
1 0.298579 0.68299 0.00673089 0.0363715 0.00234313
1 0.675701 0.6737 0.0116088 0.0584279 0.00224011
1 0.173586 0.779055 0.0291916 0.123597 0.0021163
1 0.0976086 0.56315 0.0650055 0.483006 0.00194893
1 0.840342 0.560683 0.0132887 0.0902818 0.00187705
4 0.501515 0.10473 0.63165 0.196657 0.00171424
4 0.669406 0.673634 0.013956 0.054858 0.00155597
3 0.105857 0.409291 0.0605956 0.188497 0.00144772
0 0.462775 0.359636 0.0722656 0.136523 0.00141538
1 0.644189 0.664063 0.0100209 0.0636378 0.00133707
3 0.49251 0.14437 0.950399 0.288741 0.00132693
3 0.183855 0.3814 0.073872 0.492075 0.00130914
1 0.236151 0.764029 0.0148813 0.114114 0.00129703
2 0.0976086 0.56315 0.0650055 0.483006 0.00129692
1 0.159135 0.783047 0.025422 0.128582 0.00122968
5 0.0976086 0.56315 0.0650055 0.483006 0.00122223
4 0.0976086 0.56315 0.0650055 0.483006 0.00119692
1 0.875218 0.543402 0.0077179 0.0553231 0.00113368
