1 0.881523 0.648402 0.0137375 0.0814227 0.515297
1 0.836548 0.651701 0.0155134 0.102012 0.486117
1 0.810551 0.633645 0.00879116 0.0699192 0.387706
1 0.884859 0.647485 0.0106276 0.0814306 0.372615
1 0.865586 0.64999 0.0121655 0.0870848 0.327252
1 0.841894 0.649371 0.0186468 0.101614 0.302987
1 0.8588 0.649591 0.0196753 0.0956727 0.294183
1 0.873735 0.651648 0.0191782 0.0877641 0.182648
1 0.822116 0.634589 0.0136723 0.0719787 0.150155
1 0.828888 0.636579 0.0153275 0.0716142 0.0742244
1 0.835775 0.668895 0.0110781 0.0711539 0.0562102
1 0.865026 0.64838 0.019639 0.0909645 0.0497573
1 0.812816 0.637544 0.0144018 0.0719703 0.0367722
3 0.472235 0.292766 0.200144 0.585533 0.0176416
1 0.840138 0.668599 0.0136162 0.0720502 0.00898242
1 0.854043 0.650215 0.0317083 0.101026 0.00742184
3 0.173167 0.336432 0.0466663 0.241415 0.00717149
0 0.838018 0.652339 0.0213003 0.0972815 0.00555786
3 0.525456 0.278776 0.225957 0.545642 0.00520311
1 0.840289 0.653109 0.030085 0.104655 0.00460143
3 0.183359 0.340957 0.0791911 0.233741 0.00435531
0 0.860998 0.651761 0.0191236 0.0906537 0.00435062
3 0.976486 0.858741 0.0412548 0.0819965 0.0040213
1 0.855439 0.668805 0.0127167 0.0653363 0.00391325
3 0.515965 0.321566 0.151554 0.536271 0.00368508
0 0.882736 0.65044 0.0142488 0.0799342 0.00348259
1 0.87104 0.648809 0.0307732 0.093843 0.00339837
0 0.836393 0.65571 0.0132195 0.0968274 0.00307147
3 0.409746 0.189708 0.174694 0.369529 0.00295176
3 0.882001 0.648415 0.0151955 0.0841731 0.00290812
3 0.836548 0.651701 0.0155134 0.102012 0.002653
4 0.837195 0.651955 0.0192276 0.0979877 0.00260708
0 0.855665 0.652389 0.0252348 0.0960519 0.00259729
0 0.873735 0.651648 0.0191782 0.0877641 0.00259436
3 0.8588 0.649591 0.0196753 0.0956727 0.00248766
1 0.86597 0.668446 0.0105526 0.0574796 0.00237111
2 0.881382 0.648363 0.0140829 0.0794443 0.00228685
4 0.860998 0.651761 0.0191236 0.0906537 0.00226735
3 0.841894 0.649371 0.0186468 0.101614 0.00212306
3 0.865586 0.64999 0.0121655 0.0870848 0.00202827
3 0.55288 0.321721 0.127458 0.522741 0.00199557
5 0.837195 0.651955 0.0192276 0.0979877 0.00191263
3 0.209916 0.352648 0.127604 0.291948 0.00187938
3 0.88503 0.647124 0.0108618 0.0805697 0.00182888
1 0.00823063 0.509563 0.0118486 0.0346421 0.00181142
3 0.578282 0.283118 0.520521 0.541473 0.00176216
0 0.81032 0.634805 0.00957508 0.0674806 0.00172562
5 0.860998 0.651761 0.0191236 0.0906537 0.00172103
2 0.860998 0.651761 0.0191236 0.0906537 0.0016953
3 0.417601 0.269047 0.321302 0.500841 0.00164378
1 0.196217 0.607887 0.020194 0.107859 0.0016176
3 0.402607 0.358736 0.468845 0.675972 0.00161498
1 0.80914 0.643508 0.0180231 0.0930288 0.00156474
1 0.809358 0.648943 0.0105406 0.0869573 0.00148488
2 0.837195 0.651955 0.0192276 0.0979877 0.00147535
0 0.865131 0.648682 0.0170158 0.0893321 0.00141834
5 0.882001 0.648415 0.0151955 0.0841731 0.00140013
2 0.855832 0.650769 0.0174503 0.0942181 0.00136728
2 0.88503 0.647124 0.0108618 0.0805697 0.00130501
4 0.810551 0.633645 0.00879116 0.0699192 0.00129193
4 0.881382 0.648363 0.0140829 0.0794443 0.00129191
2 0.865073 0.650422 0.013035 0.0862183 0.00128262
3 0.810551 0.633645 0.00879116 0.0699192 0.00127353
2 0.873735 0.651648 0.0191782 0.0877641 0.00126418
3 0.37153 0.169653 0.140845 0.339306 0.0012455
3 0.873735 0.651648 0.0191782 0.0877641 0.00121305
3 0.536952 0.322591 0.339094 0.626264 0.00120454
4 0.884859 0.647485 0.0106276 0.0814306 0.00120219
1 0.205392 0.606729 0.0205711 0.102515 0.00115334
4 0.855665 0.652389 0.0252348 0.0960519 0.00111163
1 0.888626 0.649179 0.0163828 0.0786591 0.00107049
1 0.887396 0.639129 0.00741692 0.0700318 0.00105586
5 0.88503 0.647124 0.0108618 0.0805697 0.00105324
5 0.865777 0.647891 0.0162596 0.0876061 0.00104312
5 0.85624 0.65068 0.0170586 0.0937989 0.00102461
4 0.873735 0.651648 0.0191782 0.0877641 0.00101836
