1 0.230698 0.901081 0.0372686 0.187766 0.905965
0 0.890157 0.703192 0.0273157 0.0872384 0.846087
1 0.825313 0.707185 0.011586 0.0816613 0.774378
0 0.870337 0.701663 0.0195576 0.0785161 0.712361
1 0.844037 0.702708 0.0115778 0.0769384 0.644914
3 0.173188 0.688976 0.0623176 0.600553 0.608636
0 0.610737 0.747764 0.0185183 0.0772929 0.436695
1 0.28726 0.89508 0.037608 0.20907 0.36987
0 0.84555 0.70369 0.0152571 0.0747687 0.355331
0 0.285535 0.892139 0.0508083 0.202502 0.146624
1 0.834708 0.706324 0.0248669 0.0764631 0.0955221
1 0.610526 0.745145 0.0174743 0.0792911 0.0846662
1 0.268558 0.896189 0.0570804 0.194759 0.0838092
1 0.270591 0.866423 0.0263645 0.156309 0.0637643
3 0.854659 0.595614 0.065531 0.282233 0.0617249
1 0.274094 0.879734 0.0362661 0.191835 0.0433189
0 0.85087 0.697792 0.0152536 0.0825216 0.038474
3 0.64236 0.555465 0.268861 0.655249 0.0372636
1 0.870564 0.701312 0.0193512 0.079549 0.0345058
0 0.823498 0.706424 0.0163895 0.0853029 0.0322865
1 0.977956 0.884914 0.0420444 0.213787 0.0309845
3 0.28607 0.89274 0.0459136 0.211405 0.0305223
1 0.247091 0.895148 0.0588512 0.179411 0.026117
1 0.275097 0.671384 0.00875335 0.0535097 0.0243098
0 0.27047 0.866332 0.0261491 0.162456 0.0238055
0 0.977452 0.885991 0.0422436 0.21633 0.0223937
3 0.171645 0.574765 0.0540305 0.421757 0.0196595
0 0.873212 0.708098 0.0518778 0.102412 0.0155181
0 0.295857 0.854036 0.031641 0.134244 0.0154294
1 0.655683 0.772637 0.0188619 0.161484 0.0125787
0 0.268558 0.896189 0.0570804 0.194759 0.0124056
1 0.848083 0.593602 0.0543829 0.270306 0.012178
1 0.85087 0.697792 0.0152536 0.0825216 0.0121439
3 0.229666 0.900421 0.0372334 0.180048 0.0120447
2 0.22994 0.902598 0.0361676 0.186 0.0101946
0 0.23024 0.900828 0.035945 0.187862 0.0101851
3 0.247091 0.895148 0.0588512 0.179411 0.00960695
1 0.889841 0.698289 0.0230621 0.0819556 0.00940025
0 0.247091 0.895148 0.0588512 0.179411 0.00913872
3 0.823498 0.706424 0.0163895 0.0853029 0.00814857
3 0.268558 0.896189 0.0570804 0.194759 0.00769169
4 0.23024 0.900828 0.035945 0.187862 0.00756295
3 0.769076 0.734384 0.10679 0.314358 0.00755406
3 0.161518 0.68846 0.162963 0.62308 0.00749087
1 0.295812 0.869261 0.0340548 0.188796 0.00706102
1 0.686917 0.812613 0.0161118 0.119767 0.00689298
0 0.275097 0.671384 0.00875335 0.0535097 0.0066815
0 0.854659 0.595614 0.065531 0.282233 0.0064751
5 0.230271 0.901324 0.037282 0.187758 0.00605512
3 0.377886 0.677654 0.0685617 0.243825 0.00600431
3 0.740148 0.730172 0.0830416 0.329706 0.00572402
0 0.868455 0.680746 0.0624487 0.146544 0.00509383
3 0.290976 0.315331 0.0506166 0.162741 0.00482221
3 0.718571 0.542037 0.451852 0.692883 0.00465702
3 0.868455 0.680746 0.0624487 0.146544 0.00409003
0 0.173188 0.688976 0.0623176 0.600553 0.0040089
2 0.890252 0.703078 0.0283331 0.0871285 0.00336492
3 0.840747 0.62067 0.078211 0.313352 0.00334128
3 0.889064 0.702973 0.0268133 0.0868425 0.00307711
0 0.653561 0.778964 0.0208832 0.124866 0.00306299
3 0.844016 0.70256 0.0119806 0.0747404 0.00288478
1 0.173188 0.688976 0.0623176 0.600553 0.00277512
3 0.751904 0.669562 0.210065 0.459974 0.00272164
2 0.28726 0.89508 0.037608 0.20907 0.00267113
1 0.986184 0.88666 0.0253054 0.208706 0.00254635
1 0.688236 0.802586 0.0226409 0.154856 0.00251418
1 0.846855 0.671294 0.037851 0.175506 0.00244932
3 0.286702 0.467293 0.0624716 0.449143 0.00241377
1 0.691251 0.775066 0.0239497 0.204721 0.00236302
4 0.286379 0.894533 0.0393935 0.207479 0.00235636
4 0.610012 0.747038 0.0180225 0.0817249 0.00221543
5 0.173188 0.688976 0.0623176 0.600553 0.00220487
1 0.619543 0.726155 0.0219012 0.131306 0.00218444
1 0.605017 0.747254 0.0107574 0.0827072 0.00217633
5 0.285632 0.89562 0.0391987 0.207605 0.00215106
1 0.740227 0.809679 0.0401237 0.189176 0.00212062
1 0.296274 0.851722 0.0295294 0.128849 0.00205481
0 0.296608 0.887332 0.0426661 0.205388 0.00204868
5 0.889064 0.702973 0.0268133 0.0868425 0.00203641
4 0.888779 0.703885 0.0276484 0.0869702 0.00202838
1 0.227385 0.710575 0.00586505 0.0265613 0.00198729
1 0.17688 0.88939 0.0469596 0.201644 0.00194921
2 0.173188 0.688976 0.0623176 0.600553 0.00194209
2 0.611192 0.74746 0.018532 0.0743368 0.00190505
4 0.173188 0.688976 0.0623176 0.600553 0.00189505
0 0.611682 0.741391 0.0266457 0.0921946 0.00189401
0 0.769076 0.734384 0.10679 0.314358 0.0018756
3 0.197047 0.670976 0.0931722 0.514568 0.00186745
4 0.869935 0.703765 0.0201771 0.0786424 0.00183469
4 0.823498 0.706424 0.0163895 0.0853029 0.00181027
3 0.870337 0.701663 0.0195576 0.0785161 0.00180428
5 0.825313 0.707185 0.011586 0.0816613 0.0017595
3 0.688313 0.768486 0.0290268 0.202305 0.00174552
3 0.603461 0.451716 0.200817 0.441892 0.00168216
3 0.610737 0.747764 0.0185183 0.0772929 0.00167862
1 0.379256 0.686588 0.0584949 0.232362 0.0016354
0 0.834708 0.706324 0.0248669 0.0764631 0.00163165
0 0.883933 0.712471 0.0332367 0.0864899 0.00159087
3 0.824921 0.69031 0.0192516 0.171826 0.00158203
3 0.715302 0.746758 0.0716984 0.26105 0.00154378
2 0.843748 0.703977 0.0120022 0.0742883 0.00152515
5 0.870337 0.701663 0.0195576 0.0785161 0.00147836
3 0.569108 0.557419 0.23394 0.682496 0.00146748
3 0.190917 0.873471 0.0524456 0.244846 0.00141275
2 0.825298 0.708867 0.0122593 0.0816669 0.00141199
5 0.843748 0.703977 0.0120022 0.0742883 0.00138487
4 0.844037 0.702708 0.0115778 0.0769384 0.00137318
3 0.274461 0.870737 0.0324259 0.179819 0.0013461
2 0.869935 0.703765 0.0201771 0.0786424 0.00132455
1 0.288727 0.923899 0.0291636 0.144437 0.00128554
4 0.268558 0.896189 0.0570804 0.194759 0.00127607
3 0.275685 0.674432 0.00720663 0.0587538 0.00124757
3 0.157922 0.666114 0.0710281 0.561959 0.00117669
0 0.970593 0.874535 0.0588146 0.25093 0.00116983
1 0.656151 0.76322 0.0255829 0.202018 0.00115324
4 0.834708 0.706324 0.0248669 0.0764631 0.00102947
3 0.656138 0.773125 0.0259468 0.165955 0.00102821
0 0.613013 0.737493 0.0680739 0.119909 0.0010172
3 0.634992 0.758752 0.0747847 0.171309 0.00100101
