1 0.735903 0.716864 0.0222233 0.133859 0.873722
1 0.843643 0.715779 0.0199087 0.132177 0.848108
1 0.771318 0.717845 0.0203632 0.131886 0.843373
1 0.80762 0.716249 0.0200293 0.130138 0.821273
1 0.872146 0.7142 0.021455 0.137275 0.789024
1 0.802254 0.716202 0.0334135 0.134653 0.430222
1 0.864701 0.715329 0.0371058 0.142621 0.103607
1 0.969045 0.766471 0.0352661 0.163332 0.0999945
1 0.794453 0.722884 0.0280504 0.123589 0.039118
3 0.239677 0.341547 0.131937 0.675955 0.01963
1 0.613237 0.57123 0.00802784 0.0848122 0.0145357
0 0.80712 0.716292 0.0199871 0.129118 0.0133487
0 0.770821 0.718248 0.0203953 0.130118 0.0126892
0 0.736366 0.715397 0.0208937 0.131732 0.00941559
3 0.80782 0.715641 0.020779 0.130534 0.00767206
0 0.842983 0.716254 0.0199783 0.131093 0.00687231
3 0.771535 0.717692 0.0213346 0.132911 0.00678985
0 0.970504 0.763552 0.0415379 0.174379 0.00624184
4 0.842518 0.716008 0.0235313 0.139698 0.00615471
3 0.736845 0.715107 0.0209726 0.131169 0.00598354
4 0.735919 0.715499 0.0249668 0.138671 0.00594092
4 0.77093 0.718084 0.0236361 0.132344 0.005737
3 0.8437 0.717671 0.0204973 0.132601 0.00501169
2 0.842897 0.716822 0.0214087 0.138916 0.00489588
0 0.871879 0.714476 0.0217401 0.136014 0.00480888
1 0.613124 0.584272 0.00684996 0.0555443 0.00479217
3 0.22617 0.445931 0.191877 0.875086 0.0046978
5 0.872614 0.713155 0.0197136 0.13613 0.00462741
4 0.806999 0.716127 0.0238531 0.137296 0.00462674
5 0.843272 0.717651 0.0212536 0.139553 0.00439248
1 0.612211 0.565323 0.0108352 0.105097 0.00435562
2 0.735903 0.716864 0.0222233 0.133859 0.00434766
3 0.871879 0.714476 0.0217401 0.136014 0.00431535
3 0.971996 0.76641 0.0463718 0.182254 0.00425988
5 0.771564 0.715927 0.0202069 0.133034 0.00421469
5 0.736425 0.716053 0.0217599 0.134815 0.00419632
4 0.872565 0.715986 0.0220753 0.135363 0.00393233
5 0.807714 0.715511 0.0204762 0.138989 0.00391826
2 0.771153 0.719775 0.0220153 0.1316 0.00390446
2 0.872921 0.713734 0.0196894 0.140267 0.00374374
2 0.807277 0.717201 0.0213259 0.135557 0.00371138
1 0.719958 0.579443 0.00984907 0.10193 0.00332993
1 0.824332 0.717314 0.0560295 0.140944 0.00324831
3 0.255868 0.420662 0.0755594 0.748296 0.0029163
4 0.864701 0.715329 0.0371058 0.142621 0.00245761
1 0.854728 0.706616 0.0144112 0.124809 0.00241328
2 0.866875 0.716336 0.0300428 0.136207 0.00208115
0 0.802254 0.716202 0.0334135 0.134653 0.00206294
3 0.235972 0.155986 0.118296 0.311973 0.0018481
3 0.45433 0.235099 0.0797311 0.148097 0.00175856
5 0.802394 0.717814 0.0349878 0.137929 0.00169834
0 0.864701 0.715329 0.0371058 0.142621 0.00166372
3 0.802394 0.717814 0.0349878 0.137929 0.00164902
5 0.864701 0.715329 0.0371058 0.142621 0.00163005
3 0.08243 0.613554 0.095443 0.245214 0.00158405
3 0.864701 0.715329 0.0371058 0.142621 0.00153771
3 0.213693 0.579944 0.0901156 0.328863 0.00146132
1 0.794724 0.71405 0.0706831 0.134574 0.00129303
1 0.972419 0.809637 0.0492701 0.281281 0.00119573
1 0.762461 0.717216 0.0555864 0.138027 0.00115244
3 0.276242 0.3607 0.233175 0.686902 0.00109141
3 0.0403596 0.271265 0.0696027 0.140357 0.00103207
2 0.802394 0.717814 0.0349878 0.137929 0.00102313
