4 0.782599 0.684264 0.106296 0.213907 0.936546
0 0.346629 0.744186 0.0206397 0.055868 0.395615
1 0.346584 0.750412 0.020012 0.0745405 0.0247684
3 0.781988 0.684653 0.105915 0.208783 0.0150205
0 0.781994 0.684919 0.105464 0.211581 0.0122807
2 0.781994 0.684919 0.105464 0.211581 0.00924484
1 0.558958 0.644414 0.007335 0.0349469 0.00720947
5 0.781994 0.684919 0.105464 0.211581 0.00698295
1 0.78127 0.683537 0.104671 0.211189 0.00649041
2 0.456263 0.48047 0.0536509 0.101729 0.00366404
0 0.346884 0.745128 0.0258912 0.0755115 0.00217723
1 0.486382 0.68198 0.0075263 0.0499885 0.00141873
2 0.346629 0.744186 0.0206397 0.055868 0.00141739
4 0.347133 0.745067 0.0205833 0.0574826 0.00120529
1 0.590145 0.676566 0.0146379 0.0506218 0.00118938
3 0.347133 0.745067 0.0205833 0.0574826 0.00102902
