1 0.693628 0.687961 0.00638456 0.0366048 0.045017
1 0.674158 0.692596 0.00914183 0.0352361 0.0300978
1 0.670996 0.69242 0.00659342 0.0331443 0.0233349
1 0.697413 0.689112 0.0104616 0.0373703 0.0087441
1 0.643228 0.693678 0.00652132 0.0310779 0.00637601
1 0.589597 0.669984 0.00868759 0.0693871 0.00431795
1 0.628959 0.695272 0.00734015 0.0311837 0.00396039
3 0.210551 0.728482 0.080375 0.126893 0.00341988
1 0.656932 0.694068 0.00661182 0.0339571 0.00321791
1 0.715979 0.682984 0.0069211 0.0438178 0.00307525
1 0.676774 0.693027 0.00782642 0.0379083 0.00251487
1 0.618347 0.690894 0.00783787 0.0382785 0.00235143
1 0.632529 0.688794 0.00894737 0.0439425 0.00193883
1 0.643079 0.688067 0.00912428 0.0409219 0.00180194
1 0.595469 0.681347 0.00876398 0.0545931 0.00140922
1 0.656705 0.689733 0.00962887 0.0372369 0.00124612
