3 0.303567 0.615818 0.0391388 0.223083 0.52236
3 0.143916 0.614631 0.0495257 0.510282 0.207154
3 0.481655 0.408283 0.05801 0.113771 0.0882171
1 0.653932 0.664104 0.010022 0.0595892 0.0346055
3 0.299551 0.583312 0.0326941 0.155985 0.0242878
3 0.298903 0.544283 0.0280722 0.0665281 0.0162061
3 0.141589 0.512391 0.0392944 0.300065 0.0130197
3 0.885608 0.604553 0.0773115 0.207442 0.0115149
3 0.48291 0.535628 0.0594814 0.333609 0.00997886
3 0.132018 0.609652 0.0875729 0.525902 0.00770403
1 0.645508 0.663473 0.00940285 0.0598602 0.00725499
1 0.143673 0.786265 0.0224954 0.147919 0.00602597
1 0.303909 0.619884 0.0392331 0.22372 0.00596694
3 0.168598 0.568872 0.0997869 0.418119 0.0049499
0 0.303909 0.619756 0.0388361 0.227986 0.0048798
1 0.650547 0.664822 0.0120106 0.0580481 0.00440813
3 0.217136 0.537987 0.0483347 0.219951 0.00373697
3 0.302276 0.654302 0.0492594 0.287711 0.00373424
1 0.631142 0.662318 0.00941925 0.0601906 0.00346262
3 0.143147 0.784548 0.0238003 0.162049 0.00342805
4 0.884573 0.608177 0.0755033 0.204505 0.00314578
5 0.303573 0.619053 0.0387937 0.226329 0.00301004
4 0.303909 0.619884 0.0392331 0.22372 0.00300566
1 0.658226 0.666878 0.00881453 0.0556043 0.00283884
3 0.907438 0.603245 0.04314 0.203901 0.00271708
2 0.303567 0.615818 0.0391388 0.223083 0.00265084
4 0.539489 0.118188 0.785268 0.236376 0.00262025
3 0.179105 0.61934 0.137321 0.511424 0.00260852
3 0.486923 0.602337 0.0697682 0.385851 0.00232658
1 0.633702 0.663971 0.0114529 0.0578881 0.00213366
1 0.604305 0.649263 0.00885696 0.0738937 0.00207945
1 0.481655 0.408283 0.05801 0.113771 0.00183719
3 0.267765 0.649856 0.115756 0.413281 0.00175027
0 0.1487 0.609375 0.0539091 0.514477 0.00147562
0 0.481655 0.408283 0.05801 0.113771 0.00142034
3 0.153177 0.492425 0.0576912 0.295657 0.00140293
1 0.907218 0.605813 0.0339779 0.207834 0.00137802
3 0.135719 0.617236 0.164139 0.541701 0.00123949
1 0.143916 0.614631 0.0495257 0.510282 0.00118916
3 0.186449 0.506811 0.0982891 0.288501 0.00101936
3 0.140196 0.477631 0.0575997 0.261026 0.0010157
1 0.628499 0.662455 0.0094636 0.0566808 0.00101311
