3 0.220551 0.602332 0.0563915 0.330696 0.432239
3 0.471016 0.380709 0.060764 0.130281 0.0885498
3 0.219142 0.534892 0.0555188 0.194018 0.0587384
1 0.644066 0.663641 0.0108518 0.0631201 0.0172889
1 0.662768 0.667164 0.00995293 0.0529921 0.014997
1 0.656045 0.664608 0.00993166 0.05647 0.0143838
1 0.666272 0.669404 0.0100836 0.0531071 0.0078858
1 0.309569 0.694867 0.00869265 0.0511538 0.0068115
3 0.216459 0.48517 0.0565666 0.110713 0.00676054
0 0.220551 0.602332 0.0563915 0.330696 0.00671491
1 0.276708 0.751593 0.0129109 0.088858 0.00569297
1 0.647468 0.664658 0.0117598 0.0580642 0.00492174
4 0.535618 0.118218 0.898404 0.236437 0.00412446
4 0.710261 0.61072 0.0638683 0.122671 0.00385802
1 0.220642 0.606507 0.0584819 0.348037 0.00353584
1 0.637313 0.66516 0.0134318 0.0623665 0.00326579
3 0.210165 0.602563 0.171688 0.385335 0.00313941
1 0.657804 0.665942 0.0164718 0.0541417 0.00303038
1 0.825838 0.561034 0.00797825 0.0485109 0.00251556
1 0.665686 0.664595 0.0150501 0.0613731 0.00232815
5 0.220642 0.606507 0.0584819 0.348037 0.00226675
4 0.220642 0.606507 0.0584819 0.348037 0.00191157
0 0.471016 0.380709 0.060764 0.130281 0.00190149
2 0.220642 0.606507 0.0584819 0.348037 0.00183067
3 0.632924 0.554307 0.0534177 0.225817 0.00172488
1 0.825825 0.559806 0.0124645 0.0572751 0.00168464
3 0.471501 0.516794 0.0647203 0.38608 0.00159606
3 0.709997 0.60818 0.0627511 0.119805 0.00141195
1 0.471016 0.380709 0.060764 0.130281 0.0013583
1 0.646358 0.666161 0.0187531 0.0606488 0.00127135
4 0.546958 0.10595 0.622209 0.20675 0.0012377
3 0.143921 0.483333 0.0548179 0.266084 0.00122285
0 0.219142 0.534892 0.0555188 0.194018 0.00122125
3 0.640609 0.558021 0.0334382 0.25718 0.00107527
