1 0.927602 0.583569 0.00512753 0.0386842 0.0394603
1 0.687295 0.603528 0.00746508 0.0475832 0.0303773
4 0.618361 0.592583 0.0201466 0.0748531 0.0280623
4 0.502838 0.536754 0.125971 0.315937 0.0192777
1 0.685573 0.606681 0.00864 0.0477212 0.00424792
1 0.156625 0.618327 0.00637822 0.0245885 0.00291664
1 0.618537 0.591848 0.0176873 0.076639 0.0027943
1 0.654856 0.570467 0.00595236 0.030481 0.00200379
1 0.157944 0.621234 0.00679474 0.0265468 0.0017644
1 0.315068 0.587097 0.00634499 0.0212884 0.00159275
1 0.313804 0.583181 0.00545726 0.0249126 0.00136542
4 0.429946 0.641003 0.0578238 0.182517 0.00122326
1 0.998557 0.663846 0.00288658 0.0602639 0.00117343
