4 0.482697 0.543727 0.133414 0.318392 0.34911
1 0.625111 0.596129 0.00665665 0.0440276 0.0190151
1 0.585244 0.599686 0.0102196 0.0462694 0.00885405
5 0.481993 0.549111 0.129458 0.3311 0.00846406
1 0.679234 0.595903 0.00746441 0.0402903 0.00409492
1 0.582414 0.599368 0.0114062 0.0538422 0.00304518
1 0.579669 0.607181 0.00816879 0.0508768 0.00286672
2 0.483332 0.546773 0.12797 0.308449 0.00259035
3 0.483332 0.546773 0.12797 0.308449 0.00255061
1 0.570205 0.587358 0.00796394 0.060867 0.00223175
1 0.48255 0.545204 0.13331 0.329001 0.00215097
0 0.483332 0.546773 0.12797 0.308449 0.00211491
1 0.301484 0.606373 0.00656848 0.0248811 0.00166088
3 0.645429 0.0225642 0.0697377 0.0451284 0.00142076
1 0.572037 0.60121 0.00823154 0.0534492 0.00122925
1 0.677693 0.606013 0.00648689 0.0359028 0.00122456
1 0.563508 0.626447 0.0080883 0.0445036 0.00119361
1 0.567386 0.61637 0.00866852 0.052725 0.00118613
1 0.226249 0.624943 0.00641084 0.0254269 0.00113532
