1 0.31461 0.752606 0.0108338 0.0771701 0.822574
1 0.202453 0.733517 0.00762105 0.0540014 0.757577
0 0.925956 0.697932 0.0255133 0.0690062 0.739289
1 0.361546 0.739701 0.010714 0.0617437 0.735669
1 0.342631 0.737248 0.00934215 0.0542984 0.70029
1 0.225361 0.738094 0.00811081 0.0533318 0.686528
1 0.274403 0.744117 0.0101387 0.0627948 0.631448
0 0.898108 0.68436 0.0155453 0.0563845 0.596566
1 0.247267 0.741708 0.00863566 0.0540999 0.595184
1 0.249067 0.744395 0.00840626 0.0523495 0.302166
1 0.897905 0.683602 0.0137472 0.0590964 0.263904
1 0.342585 0.73909 0.0145524 0.0596575 0.0921558
0 0.904963 0.690928 0.0233475 0.0573029 0.0874439
1 0.245562 0.740959 0.0141613 0.0561427 0.0712146
1 0.00370436 0.667548 0.00689982 0.059771 0.0515165
1 0.206489 0.736192 0.0150202 0.0532549 0.040356
1 0.224761 0.739797 0.0161105 0.054922 0.0259971
1 0.360342 0.746546 0.0155295 0.0614736 0.0210142
1 0.346822 0.74996 0.0166908 0.0668503 0.0141233
0 0.00370436 0.667548 0.00689982 0.059771 0.0119828
1 0.9256 0.69636 0.0242552 0.067851 0.00924334
1 0.0125876 0.820899 0.0237965 0.172491 0.0073192
0 0.121588 0.665215 0.0230921 0.095099 0.00720789
1 0.223248 0.731613 0.0101113 0.0594384 0.00676963
0 0.314282 0.75269 0.0135183 0.0754942 0.00584651
1 0.200256 0.735786 0.00727434 0.05328 0.00546712
1 0.241893 0.73195 0.0105304 0.0663081 0.00517258
1 0.126086 0.664073 0.022699 0.0962479 0.00488151
0 0.342585 0.73909 0.0145524 0.0596575 0.00440905
0 0.361439 0.741202 0.0138177 0.0591488 0.00435907
0 0.897983 0.68488 0.0243341 0.0610211 0.00433309
1 0.904963 0.690928 0.0233475 0.0573029 0.00415299
0 0.922734 0.703932 0.0340992 0.0927136 0.00411108
2 0.343315 0.739099 0.0114244 0.0580373 0.00408305
0 0.911083 0.691183 0.0349678 0.0672721 0.00357524
4 0.314385 0.751697 0.0136568 0.0754418 0.00344102
3 0.31431 0.751886 0.0114471 0.0788473 0.0033052
1 0.00432234 0.663628 0.00864467 0.0727485 0.00329488
0 0.274518 0.748192 0.0119135 0.0674003 0.00324725
2 0.314385 0.751697 0.0136568 0.0754418 0.00323714
0 0.22518 0.737938 0.00886421 0.0533349 0.00319649
2 0.202775 0.735755 0.00895314 0.0515349 0.00313202
0 0.202375 0.73364 0.00853453 0.0538898 0.00285208
1 0.767108 0.670745 0.011672 0.0734514 0.00274145
4 0.897668 0.68513 0.0161381 0.0593189 0.00262903
2 0.361613 0.739811 0.0109308 0.0585642 0.00251171
1 0.201037 0.728744 0.0126754 0.0594971 0.0024405
1 0.314962 0.749671 0.0257179 0.0841799 0.00235735
4 0.342631 0.737248 0.00934215 0.0542984 0.00230481
3 0.343049 0.737222 0.0107916 0.0559682 0.00227959
5 0.314282 0.75269 0.0135183 0.0754942 0.00224308
3 0.925904 0.698304 0.0248756 0.0673381 0.00214099
1 0.14171 0.662626 0.0117583 0.0973067 0.0021299
2 0.925956 0.697932 0.0255133 0.0690062 0.00211596
1 0.335862 0.747767 0.00955482 0.073567 0.00211094
2 0.274403 0.744117 0.0101387 0.0627948 0.0020883
3 0.361613 0.739811 0.0109308 0.0585642 0.00203471
1 0.00734918 0.85947 0.0146984 0.167362 0.00202907
3 0.202413 0.734819 0.00900989 0.0534921 0.00202899
5 0.274195 0.743731 0.0104433 0.061506 0.00194194
2 0.245709 0.741514 0.0112476 0.0533905 0.00193462
3 0.27478 0.745073 0.0101696 0.0638836 0.00193142
5 0.360705 0.740291 0.0126348 0.0586636 0.00187262
4 0.274427 0.744644 0.0103464 0.0621295 0.00180767
3 0.898097 0.683234 0.0142181 0.0593559 0.00176707
4 0.246694 0.741514 0.0116675 0.0524753 0.00176632
4 0.361439 0.741202 0.0138177 0.0591488 0.00176307
4 0.202775 0.735755 0.00895314 0.0515349 0.00175924
5 0.34259 0.737714 0.0104306 0.0541533 0.00175749
2 0.897668 0.68513 0.0161381 0.0593189 0.00175518
0 0.342631 0.737248 0.00934215 0.0542984 0.00170936
5 0.925807 0.697358 0.0248482 0.0698618 0.0016814
2 0.226429 0.738345 0.00866771 0.0520657 0.00164612
5 0.897905 0.683602 0.0137472 0.0590964 0.00162902
0 0.00532367 0.660816 0.0106473 0.0824831 0.00162806
4 0.225361 0.738094 0.00811081 0.0533318 0.00161275
1 0.764973 0.677752 0.0110552 0.0534938 0.00160457
0 0.931866 0.696407 0.0537207 0.0938544 0.00159859
1 0.332476 0.748249 0.0125865 0.0773268 0.00157508
3 0.245485 0.740737 0.0117604 0.0527361 0.00157213
4 0.925782 0.697776 0.024749 0.070868 0.0015621
3 0.225854 0.738129 0.00906897 0.0523809 0.00144948
5 0.22518 0.737938 0.00886421 0.0533349 0.00144744
5 0.245709 0.741514 0.0112476 0.0533905 0.00143998
5 0.202375 0.73364 0.00853453 0.0538898 0.00140074
4 0.342585 0.73909 0.0145524 0.0596575 0.00133722
0 0.249426 0.744378 0.00931549 0.0530782 0.00126278
4 0.249426 0.744378 0.00931549 0.0530782 0.00116682
1 0.359891 0.731625 0.0116919 0.0761205 0.00110878
1 0.01772 0.833922 0.03544 0.197173 0.00107966
2 0.249067 0.744395 0.00840626 0.0523495 0.00107913
3 0.249426 0.744378 0.00931549 0.0530782 0.00105975
0 0.246694 0.741514 0.0116675 0.0524753 0.00104308
2 0.224242 0.738328 0.00920267 0.0554721 0.00104058
