3 0.064472 0.166951 0.0829724 0.192654 0.713644
3 0.0622085 0.2806 0.094369 0.416041 0.0669419
1 0.699288 0.645652 0.0122863 0.0535099 0.0598945
1 0.635534 0.643086 0.00942707 0.0516783 0.0598322
1 0.695686 0.64823 0.0108624 0.0544227 0.0444539
1 0.214613 0.591333 0.00794778 0.0630909 0.0433752
1 0.662798 0.646344 0.0109526 0.072995 0.0307462
1 0.128272 0.582611 0.00881193 0.0682065 0.029475
1 0.37179 0.642753 0.00730793 0.0348577 0.0263303
1 0.724514 0.646861 0.0138753 0.048229 0.0236009
3 0.976132 0.866577 0.042454 0.0909227 0.0218022
1 0.37726 0.643653 0.0117822 0.032216 0.0167946
1 0.18005 0.587387 0.0091969 0.0721721 0.01622
1 0.727949 0.648211 0.0100144 0.0478982 0.0156513
1 0.720974 0.648407 0.0133166 0.0493135 0.0152274
1 0.702336 0.648264 0.0102656 0.0535026 0.0104002
1 0.97662 0.870715 0.0438463 0.0999181 0.0103236
3 0.458271 0.270289 0.0597981 0.116708 0.0100631
1 0.383026 0.647991 0.00726891 0.0306049 0.00954581
1 0.177082 0.584506 0.00948025 0.0710153 0.00883388
0 0.0640608 0.16792 0.0843454 0.1881 0.00774782
1 0.064598 0.165792 0.0875235 0.193001 0.007243
3 0.0773229 0.180792 0.14438 0.225992 0.00711369
1 0.105784 0.590017 0.00999394 0.0605252 0.00698404
3 0.0519486 0.442506 0.0641767 0.272336 0.0067257
1 0.289778 0.597442 0.00721016 0.0343778 0.00667756
1 0.3862 0.644545 0.0108745 0.0294276 0.0054855
1 0.244672 0.592141 0.00878034 0.0531846 0.00465782
4 0.064598 0.165792 0.0875235 0.193001 0.00453115
5 0.064598 0.165792 0.0875235 0.193001 0.00449215
2 0.064599 0.16611 0.0860053 0.192458 0.00436016
1 0.636082 0.642559 0.014714 0.0553987 0.0038257
1 0.513496 0.612895 0.00768604 0.0288937 0.00328742
3 0.0451652 0.338176 0.0883589 0.143804 0.00318106
1 0.702739 0.647538 0.0227984 0.053281 0.00305373
3 0.0606435 0.44577 0.0995746 0.382656 0.00295248
1 0.0854683 0.535595 0.00820255 0.0568856 0.00283708
1 0.383585 0.641056 0.00715342 0.036638 0.00278632
0 0.662917 0.646336 0.0119767 0.0710749 0.00268418
0 0.513496 0.612895 0.00768604 0.0288937 0.00237271
0 0.696622 0.646081 0.0148056 0.0552677 0.00229449
1 0.714732 0.645713 0.0208103 0.0481138 0.00224281
1 0.0408095 0.588451 0.0136796 0.0453775 0.00214004
0 0.635417 0.643919 0.0144903 0.0551098 0.00198195
1 0.393878 0.64842 0.00827026 0.0325487 0.00195048
3 0.0734259 0.370629 0.0995314 0.598969 0.00194151
1 0.215034 0.604321 0.00775623 0.0604351 0.00184694
1 0.151491 0.590302 0.00871856 0.0637659 0.0017939
1 0.399614 0.6432 0.00972776 0.0359219 0.00173615
3 0.0445121 0.342688 0.0792905 0.232811 0.00170745
1 0.214972 0.591918 0.0128601 0.056292 0.00165217
1 0.246441 0.596823 0.0108271 0.0464882 0.00148921
3 0.221985 0.224547 0.097193 0.162099 0.00138822
0 0.976132 0.866577 0.042454 0.0909227 0.00130815
1 0.63834 0.650198 0.0101251 0.0595422 0.00123384
1 0.660552 0.601188 0.00893545 0.0545683 0.00123335
5 0.976132 0.866577 0.042454 0.0909227 0.00123228
1 0.376842 0.641218 0.0182706 0.0354114 0.00122997
1 0.737655 0.643847 0.0127881 0.0480818 0.00120929
1 0.692651 0.647672 0.0098361 0.0571764 0.00116284
4 0.976132 0.866577 0.042454 0.0909227 0.0011531
1 0.696689 0.641558 0.0148127 0.0640835 0.00113521
1 0.116792 0.587939 0.0188047 0.0641139 0.00111453
1 0.126277 0.583153 0.0156657 0.0692544 0.00111438
1 0.72839 0.640656 0.0137457 0.0547465 0.00111157
1 0.185667 0.596811 0.00991058 0.0569812 0.00109732
