1 0.243486 0.743707 0.0182509 0.121526 0.851429
1 0.166083 0.777829 0.0206601 0.127611 0.844167
1 0.307762 0.695192 0.0144449 0.102401 0.821704
1 0.0523263 0.689492 0.0130858 0.110506 0.821424
1 0.210673 0.768998 0.0224453 0.148775 0.791442
1 0.269949 0.721934 0.0173628 0.120134 0.777723
1 0.147231 0.662538 0.0121191 0.0975404 0.774845
1 0.289797 0.706463 0.0142661 0.104346 0.772842
1 0.013171 0.686712 0.0115925 0.106709 0.767612
1 0.102893 0.773507 0.0221314 0.134948 0.740861
1 0.191097 0.654708 0.0120767 0.0873385 0.709716
1 0.119421 0.671042 0.0127033 0.0997955 0.701294
1 0.208769 0.652394 0.0112553 0.081831 0.597079
1 0.322267 0.682069 0.0113385 0.0913678 0.557415
1 0.248666 0.738313 0.0225394 0.117806 0.52041
1 0.0880684 0.681117 0.0165956 0.108797 0.517546
1 0.225038 0.650849 0.00932031 0.0726484 0.485926
1 0.296167 0.69947 0.0223538 0.109071 0.297949
1 0.171838 0.658611 0.0107199 0.0846516 0.263366
1 0.359214 0.661269 0.00996709 0.0634027 0.25542
1 0.326616 0.680154 0.0189352 0.0814108 0.245271
1 0.335248 0.672629 0.0135982 0.0898546 0.237493
1 0.313624 0.687383 0.0186113 0.10096 0.204526
1 0.355465 0.660886 0.0144359 0.0727866 0.201656
1 0.339718 0.675057 0.0145112 0.07105 0.196275
1 0.341192 0.664949 0.0193154 0.0786202 0.146755
1 0.0870382 0.693494 0.0131834 0.0810557 0.0966846
1 0.166874 0.707616 0.0234479 0.182517 0.0902943
1 0.14877 0.671723 0.0178253 0.104551 0.089336
1 0.350337 0.667325 0.016877 0.0761717 0.0837667
1 0.197056 0.657968 0.0210141 0.0854493 0.0792831
0 0.792541 0.593915 0.0188307 0.0922644 0.0669563
1 0.216049 0.649853 0.0162263 0.0743252 0.0502781
1 0.361076 0.653034 0.0104967 0.0730288 0.0460899
3 0.978383 0.862081 0.0402309 0.0843504 0.0458737
1 0.0281663 0.774643 0.0136792 0.0944892 0.0401605
1 0.210269 0.723561 0.0223902 0.19865 0.0349351
1 0.170369 0.67304 0.0145669 0.10148 0.0272435
1 0.27108 0.722156 0.0285301 0.124065 0.0264307
1 0.791766 0.594921 0.0134415 0.0819147 0.0206077
0 0.819448 0.559411 0.00906773 0.034456 0.0193491
1 0.238013 0.646265 0.00846438 0.0642972 0.019237
1 0.266944 0.707794 0.0152403 0.134317 0.0186856
1 0.164624 0.745454 0.025647 0.191312 0.0186143
0 0.813029 0.558211 0.00866718 0.0388239 0.0179442
0 0.791221 0.600502 0.0138155 0.0714825 0.0174964
1 0.776071 0.55465 0.00967484 0.0498597 0.0170922
1 0.228194 0.64833 0.0129793 0.0726504 0.0161949
1 0.819448 0.559411 0.00906773 0.034456 0.0147214
0 0.816712 0.557513 0.0130922 0.0376859 0.0138224
1 0.813029 0.558211 0.00866718 0.0388239 0.0136917
0 0.776071 0.55465 0.00967484 0.0498597 0.0134721
4 0.160685 0.155349 0.32137 0.310698 0.0118968
1 0.330199 0.691745 0.0134529 0.0677326 0.0110366
1 0.816712 0.557513 0.0130922 0.0376859 0.0107385
0 0.190882 0.654692 0.0123303 0.0865006 0.00978374
1 0.799162 0.574771 0.0137312 0.0725628 0.00920311
1 0.13526 0.520506 0.00782239 0.0624596 0.00883656
1 0.97788 0.862712 0.0408545 0.0852186 0.0086334
0 0.787383 0.578063 0.0174793 0.0804343 0.00851386
0 0.165548 0.770255 0.0200872 0.141417 0.0082524
0 0.119175 0.670641 0.0128349 0.100072 0.00803907
1 0.836068 0.555341 0.0101234 0.041797 0.00772045
0 0.208581 0.652568 0.0115008 0.0804306 0.00761267
1 0.831516 0.559662 0.00826626 0.039927 0.00755476
1 0.288985 0.705998 0.0277892 0.119992 0.00732759
1 0.0989636 0.740368 0.0241819 0.169344 0.00726305
0 0.799162 0.574771 0.0137312 0.0725628 0.00719964
1 0.0535939 0.711513 0.0161862 0.123431 0.00713769
0 0.210056 0.768685 0.0222967 0.142694 0.00707368
0 0.243362 0.740894 0.0195701 0.126993 0.00693177
1 0.79085 0.609094 0.0118248 0.0517533 0.00674222
0 0.147203 0.662378 0.0125447 0.0961141 0.00625779
3 0.166365 0.777468 0.0211891 0.12814 0.00619673
1 0.828345 0.556844 0.012639 0.0389432 0.00577834
1 0.223491 0.641894 0.0110899 0.0815232 0.00563092
0 0.270099 0.724576 0.017629 0.11632 0.00553285
1 0.239422 0.657974 0.00902462 0.0723818 0.00551869
0 0.977622 0.860003 0.0403137 0.0817958 0.00550018
4 0.2106 0.767605 0.0230522 0.152096 0.00530758
1 0.116299 0.678516 0.0266389 0.116841 0.00516081
0 0.103382 0.771305 0.0218698 0.127854 0.0050847
3 0.269969 0.721921 0.0182426 0.122263 0.00506436
1 0.737781 0.586936 0.0143049 0.0669478 0.00500518
0 0.0880684 0.681117 0.0165956 0.108797 0.00489874
2 0.210673 0.768998 0.0224453 0.148775 0.00488491
0 0.051995 0.690253 0.0157239 0.120262 0.00488009
3 0.210056 0.768685 0.0222967 0.142694 0.00481676
0 0.2233 0.653184 0.0143339 0.0739053 0.00481243
3 0.119421 0.671042 0.0127033 0.0997955 0.00476611
3 0.243653 0.743414 0.0191563 0.122476 0.00472268
1 0.160711 0.534608 0.0104494 0.0661346 0.00443003
0 0.0134907 0.68882 0.0134096 0.108275 0.00416144
3 0.10426 0.77502 0.0229027 0.125921 0.00410566
1 0.113851 0.735239 0.0201926 0.184744 0.00404413
1 0.089885 0.657808 0.00981057 0.0657661 0.00389073
2 0.165836 0.772541 0.0207392 0.136394 0.00386285
4 0.165836 0.772541 0.0207392 0.136394 0.00373085
5 0.210673 0.768998 0.0224453 0.148775 0.0037068
1 0.325088 0.679346 0.0284028 0.101674 0.0036869
2 0.103828 0.774579 0.0220551 0.134667 0.00355834
4 0.103597 0.776567 0.0215525 0.127967 0.00353502
3 0.0524829 0.690281 0.0131306 0.111391 0.00348842
0 0.307326 0.694337 0.0143059 0.102388 0.00344019
5 0.165663 0.777298 0.0199468 0.127029 0.00343826
3 0.147503 0.662419 0.012601 0.0959118 0.00341055
1 0.152195 0.525095 0.00791421 0.0681321 0.00340281
4 0.243329 0.74498 0.0189284 0.117159 0.00339861
3 0.0888197 0.676372 0.013995 0.109695 0.00339091
1 0.0528856 0.688939 0.0227637 0.128438 0.00338996
1 0.0222562 0.741979 0.0198928 0.156488 0.00338267
2 0.977622 0.860003 0.0403137 0.0817958 0.00333932
2 0.243329 0.74498 0.0189284 0.117159 0.00331889
1 0.36449 0.659522 0.0150083 0.0673517 0.00330786
0 0.289899 0.70457 0.0172328 0.111184 0.00326785
5 0.242952 0.743911 0.0185861 0.123697 0.00326415
0 0.197056 0.657968 0.0210141 0.0854493 0.0032455
5 0.26963 0.725592 0.0171667 0.108829 0.00323359
3 0.013171 0.686712 0.0115925 0.106709 0.00321438
3 0.289797 0.706463 0.0142661 0.104346 0.0032005
1 0.0270695 0.769107 0.0182453 0.122969 0.00317421
4 0.0880684 0.681117 0.0165956 0.108797 0.00312942
2 0.269392 0.72274 0.0179993 0.118834 0.00305054
5 0.289445 0.70721 0.015228 0.106024 0.0030119
4 0.26963 0.725592 0.0171667 0.108829 0.00298076
2 0.0527867 0.693065 0.0129641 0.107149 0.00297096
5 0.147103 0.663378 0.0141143 0.0998466 0.00295745
1 0.268178 0.752024 0.0237465 0.121784 0.00295098
4 0.051995 0.690253 0.0157239 0.120262 0.00285686
5 0.250026 0.738137 0.0243078 0.121209 0.0028203
5 0.103382 0.771305 0.0218698 0.127854 0.00273552
0 0.791295 0.567762 0.0124418 0.0636592 0.00271558
3 0.307762 0.695192 0.0144449 0.102401 0.00271007
2 0.119298 0.672781 0.0128795 0.0979108 0.00268628
1 0.795684 0.598126 0.0120371 0.0726605 0.00265892
3 0.191097 0.654708 0.0120767 0.0873385 0.00264353
1 0.162101 0.542528 0.00716403 0.0574089 0.0026386
2 0.0879295 0.682083 0.015038 0.10148 0.00262959
2 0.308022 0.697929 0.0130719 0.0937735 0.0026156
2 0.289797 0.706463 0.0142661 0.104346 0.00260574
2 0.191097 0.654708 0.0120767 0.0873385 0.002578
1 0.833373 0.552419 0.00893688 0.0398805 0.0025312
1 0.118714 0.54193 0.0089808 0.0671666 0.00252407
5 0.051995 0.690253 0.0157239 0.120262 0.00250727
2 0.359214 0.661269 0.00996709 0.0634027 0.00250094
0 0.296167 0.69947 0.0223538 0.109071 0.00248939
1 0.1193 0.69648 0.0151389 0.115707 0.00247252
2 0.147231 0.662538 0.0121191 0.0975404 0.00245863
3 0.208769 0.652394 0.0112553 0.081831 0.00233735
4 0.119051 0.675449 0.0164293 0.102127 0.00231199
4 0.147503 0.662419 0.012601 0.0959118 0.00229947
0 0.321861 0.682183 0.0116208 0.0928454 0.00227602
5 0.307268 0.694847 0.015819 0.104729 0.00225134
4 0.191097 0.654708 0.0120767 0.0873385 0.00223116
0 0.787831 0.615971 0.0126398 0.0498166 0.00223003
4 0.290494 0.706431 0.0169972 0.107484 0.00219708
0 0.313624 0.687383 0.0186113 0.10096 0.00212022
3 0.250372 0.736461 0.0225379 0.115812 0.00211279
1 0.234731 0.685924 0.0184442 0.0872571 0.00208734
0 0.746574 0.579818 0.0273749 0.0801071 0.0020808
0 0.170712 0.663063 0.012591 0.0942999 0.00206267
1 0.208016 0.687968 0.0169937 0.105982 0.002058
5 0.191097 0.654708 0.0120767 0.0873385 0.00205102
1 0.809111 0.552749 0.0078476 0.0393685 0.00205016
1 0.173095 0.639802 0.00779017 0.0535597 0.00196998
5 0.0884614 0.676483 0.014031 0.110594 0.00195274
1 0.791295 0.567762 0.0124418 0.0636592 0.00192538
1 0.0879221 0.724721 0.0167242 0.155635 0.00191661
4 0.308171 0.697715 0.0128075 0.0946089 0.00187542
0 0.73845 0.590137 0.0173446 0.0686624 0.00186348
5 0.119421 0.671042 0.0127033 0.0997955 0.00186015
1 0.136007 0.517709 0.0122025 0.0657637 0.00185741
4 0.0134364 0.686688 0.0136359 0.108441 0.0017978
2 0.326485 0.679882 0.0196888 0.0801939 0.00178816
1 0.0153008 0.716942 0.017771 0.150205 0.00178151
4 0.208581 0.652568 0.0115008 0.0804306 0.00173186
1 0.141487 0.525837 0.0120217 0.0716012 0.00172822
1 0.194539 0.667991 0.0277483 0.132118 0.00171928
2 0.339614 0.674793 0.015778 0.0696801 0.00170982
0 0.792498 0.583009 0.027005 0.0877959 0.00169309
0 0.250026 0.738137 0.0243078 0.121209 0.00168652
1 0.335553 0.674177 0.0285898 0.0958057 0.00168448
0 0.813097 0.557173 0.0136683 0.04173 0.00166835
5 0.208581 0.652568 0.0115008 0.0804306 0.00166114
2 0.0131843 0.687398 0.0113021 0.104808 0.00164805
2 0.296167 0.69947 0.0223538 0.109071 0.00163097
1 0.267117 0.692771 0.0113723 0.0992316 0.00162889
3 0.171689 0.6592 0.0110971 0.0877438 0.00162888
5 0.321861 0.682183 0.0116208 0.0928454 0.00162063
5 0.0127752 0.686458 0.0129757 0.108281 0.00161962
4 0.296167 0.69947 0.0223538 0.109071 0.0016111
3 0.321967 0.681847 0.0128251 0.0892106 0.00160194
1 0.158572 0.741666 0.022225 0.167682 0.0015712
2 0.208416 0.653305 0.011851 0.0810643 0.00156695
1 0.389876 0.625243 0.00758982 0.0510802 0.00155045
4 0.225038 0.650849 0.00932031 0.0726484 0.00155032
3 0.225404 0.650583 0.01015 0.0688785 0.00152316
4 0.313624 0.687383 0.0186113 0.10096 0.00149944
4 0.322267 0.682069 0.0113385 0.0913678 0.00149057
5 0.224641 0.648856 0.0109523 0.0714266 0.00147231
2 0.322267 0.682069 0.0113385 0.0913678 0.00142772
1 0.238847 0.740959 0.0562541 0.158477 0.0014078
1 0.172654 0.648028 0.0164774 0.0705355 0.00139779
4 0.32725 0.67997 0.0192461 0.091637 0.00137088
4 0.250026 0.738137 0.0243078 0.121209 0.00135245
2 0.314231 0.69351 0.0168144 0.0845521 0.00134442
0 0.32725 0.67997 0.0192461 0.091637 0.00130733
0 0.166874 0.707616 0.0234479 0.182517 0.00128867
0 0.836668 0.55473 0.012398 0.0419312 0.00128469
5 0.296167 0.69947 0.0223538 0.109071 0.00127429
1 0.361597 0.669603 0.010262 0.0542396 0.00125729
1 0.143165 0.664943 0.0289554 0.103565 0.00123788
1 0.0104301 0.717601 0.0139752 0.136366 0.00122218
0 0.359433 0.660537 0.0106998 0.0617919 0.00122058
1 0.84032 0.561481 0.0117113 0.0520179 0.00119213
3 0.166874 0.707616 0.0234479 0.182517 0.00118158
1 0.21343 0.678156 0.0173562 0.0943386 0.00118074
1 0.1664 0.74536 0.015421 0.112537 0.00116385
2 0.355465 0.660886 0.0144359 0.0727866 0.00115931
0 0.795684 0.598126 0.0120371 0.0726605 0.00115388
5 0.313624 0.687383 0.0186113 0.10096 0.0011317
1 0.339563 0.691581 0.0121208 0.0511759 0.00110467
0 0.216049 0.649853 0.0162263 0.0743252 0.00110201
4 0.171689 0.6592 0.0110971 0.0877438 0.00109212
4 0.335828 0.675854 0.0200071 0.0853587 0.0010725
2 0.225404 0.650583 0.01015 0.0688785 0.00103505
1 0.290435 0.736109 0.0132855 0.0774189 0.00100835
1 0.772127 0.549712 0.00906086 0.0529028 0.00100799
3 0.296167 0.69947 0.0223538 0.109071 0.00100743
1 0.78735 0.576808 0.017411 0.0818192 0.00100723
5 0.171689 0.6592 0.0110971 0.0877438 0.00100568
4 0.359214 0.661269 0.00996709 0.0634027 0.00100302
