3 0.917649 0.162734 0.0802164 0.212301 0.24623
3 0.920749 0.289538 0.0837959 0.459606 0.204041
1 0.224099 0.711984 0.0154898 0.0587319 0.0744319
1 0.330658 0.683164 0.00838866 0.0512665 0.0485679
1 0.220957 0.716097 0.0142488 0.0712158 0.020715
1 0.227438 0.715566 0.0138296 0.0598779 0.0194913
0 0.330896 0.684987 0.00841885 0.0474561 0.0137196
1 0.826481 0.63106 0.00725594 0.0586074 0.00936053
1 0.679111 0.670377 0.00683775 0.0321246 0.00793253
1 0.903827 0.626531 0.00797195 0.0580467 0.00710429
3 0.922397 0.420654 0.0888424 0.756505 0.00352388
1 0.666854 0.671172 0.00784731 0.0301561 0.00339893
3 0.912398 0.295599 0.143705 0.47648 0.00285175
1 0.916929 0.163139 0.0860256 0.208143 0.00243207
2 0.919137 0.162271 0.0835047 0.196745 0.00239066
0 0.917649 0.162734 0.0802164 0.212301 0.00232434
1 0.247639 0.723854 0.0121018 0.0407418 0.00208606
3 0.908645 0.184904 0.145165 0.279328 0.00179894
1 0.254076 0.725851 0.0147738 0.0327727 0.00172401
2 0.224099 0.711984 0.0154898 0.0587319 0.00168803
5 0.916929 0.163139 0.0860256 0.208143 0.00166151
0 0.920749 0.289538 0.0837959 0.459606 0.00155513
1 0.330115 0.690803 0.0144715 0.0619486 0.00151575
0 0.330941 0.683031 0.0127699 0.053535 0.00150254
1 0.920749 0.289538 0.0837959 0.459606 0.0014865
4 0.916929 0.163139 0.0860256 0.208143 0.00144055
1 0.265162 0.726661 0.0175735 0.0307407 0.00131361
1 0.217644 0.712477 0.0131873 0.0622659 0.00128484
1 0.331135 0.694649 0.0095222 0.0637538 0.00112929
5 0.920749 0.289538 0.0837959 0.459606 0.00111243
4 0.222719 0.714926 0.0172673 0.0590129 0.00103639
