4 0.272494 0.711852 0.0569114 0.113027 0.68657
1 0.213765 0.731734 0.0147536 0.090813 0.146746
1 0.0274752 0.687884 0.0101421 0.0508337 0.024066
0 0.271421 0.714094 0.0578405 0.114808 0.0102135
0 0.109625 0.699401 0.00800154 0.0387076 0.00945668
1 0.272239 0.710203 0.0591927 0.11235 0.00912716
1 0.146432 0.754038 0.00926702 0.064879 0.00833182
1 0.109625 0.699401 0.00800154 0.0387076 0.00758439
4 0.433601 0.680515 0.0207281 0.0453974 0.00752566
1 0.050715 0.755202 0.00855339 0.0592131 0.006052
2 0.273564 0.712835 0.0574679 0.117204 0.00585208
1 0.147286 0.742648 0.00675423 0.0587172 0.00568927
3 0.272597 0.712066 0.0566852 0.113141 0.00487078
5 0.273545 0.712703 0.058987 0.113677 0.00440312
0 0.214118 0.732756 0.0159212 0.0922614 0.00312576
1 0.869888 0.962986 0.00805187 0.0309046 0.00236333
1 0.433691 0.679892 0.0186041 0.0413023 0.00211023
1 0.214534 0.752835 0.0169296 0.0976678 0.0019957
1 0.146598 0.732231 0.0080266 0.0585351 0.00182811
1 0.214223 0.767244 0.0135211 0.0817001 0.00165688
1 0.527149 0.726679 0.00716686 0.0487417 0.00144972
1 0.308035 0.732289 0.00593004 0.0373805 0.00143045
1 0.219776 0.700824 0.00813589 0.0734982 0.00129878
3 0.0232395 0.3248 0.0455356 0.119563 0.00127777
0 0.353089 0.329536 0.0101876 0.0213429 0.00113316
4 0.264421 0.697746 0.243358 0.278931 0.0011058
2 0.213765 0.731734 0.0147536 0.090813 0.00108826
4 0.285217 0.70826 0.0529856 0.110119 0.00107367
1 0.0283854 0.694777 0.0148167 0.059179 0.0010613
1 0.526145 0.719084 0.00727453 0.0523787 0.00103102
