3 0.329719 0.53602 0.0547241 0.257282 0.726162
1 0.39119 0.741892 0.0101311 0.0618149 0.0873229
1 0.348009 0.748303 0.0104686 0.0742516 0.0699502
3 0.327847 0.492498 0.0517927 0.16012 0.0381634
3 0.678527 0.429049 0.0630765 0.14157 0.0226264
1 0.386278 0.744228 0.0108308 0.0625251 0.0174564
3 0.3283 0.459701 0.0590058 0.104929 0.0103523
3 0.62855 0.54592 0.0805677 0.280774 0.0100172
1 0.407158 0.730061 0.0104868 0.0754386 0.00932664
0 0.329543 0.534906 0.0545103 0.257825 0.00864325
1 0.425093 0.73302 0.0103639 0.0690801 0.00860149
4 0.492324 0.110523 0.950589 0.221047 0.00823868
1 0.403741 0.739196 0.0112107 0.0623864 0.00707313
1 0.394529 0.742062 0.0151433 0.0715244 0.00673901
1 0.353409 0.743318 0.0108061 0.0803211 0.00647239
1 0.240492 0.735346 0.011009 0.0754866 0.00636616
1 0.414136 0.735048 0.0169105 0.0709132 0.005905
1 0.420765 0.7328 0.0148036 0.0704008 0.00553921
1 0.32986 0.537283 0.0552887 0.261386 0.00545416
3 0.343579 0.552359 0.176815 0.317529 0.0035741
5 0.32986 0.537283 0.0552887 0.261386 0.00334514
1 0.37367 0.741745 0.0114394 0.0661655 0.00329941
4 0.329802 0.542302 0.0547963 0.270936 0.00314081
2 0.329543 0.541897 0.0542666 0.271835 0.00300478
1 0.39003 0.747608 0.0172876 0.0608615 0.00298218
1 0.369638 0.745761 0.0118172 0.063612 0.00281756
4 0.357134 0.101663 0.631034 0.203327 0.00277968
1 0.427069 0.739391 0.010629 0.0629284 0.00261177
3 0.651373 0.557155 0.117821 0.297008 0.00199178
1 0.347696 0.73785 0.0157572 0.095432 0.00197224
4 0.502386 0.0893423 0.627656 0.171458 0.00158111
0 0.678909 0.434951 0.0671184 0.14016 0.00133199
1 0.393549 0.7303 0.0108852 0.0797524 0.00121413
1 0.364084 0.735907 0.0223042 0.087566 0.00114897
0 0.327847 0.492498 0.0517927 0.16012 0.0010763
