4 0.727655 0.614507 0.0792155 0.137319 0.531504
1 0.939514 0.623207 0.00636845 0.045267 0.513098
1 0.902906 0.616369 0.00904617 0.0695197 0.502123
4 0.559836 0.554712 0.121295 0.274228 0.0878322
1 0.848638 0.616591 0.0123587 0.0898088 0.0849794
1 0.967642 0.633839 0.00937214 0.0748695 0.0785944
1 0.939562 0.622788 0.0109175 0.0494314 0.019214
1 0.977598 0.562224 0.00605793 0.0380412 0.00954494
1 0.973486 0.756303 0.0401478 0.156346 0.00931478
1 0.792292 0.635595 0.00915298 0.0859119 0.00818533
1 0.8774 0.614277 0.00799942 0.0540289 0.00803054
1 0.938055 0.626171 0.0064991 0.0444991 0.00727418
1 0.239663 0.630511 0.00636668 0.0472145 0.00668439
1 0.883507 0.607257 0.00684757 0.0541974 0.00642535
0 0.725302 0.611819 0.080161 0.130951 0.00522324
1 0.725302 0.611819 0.080161 0.130951 0.00432365
2 0.725302 0.611819 0.080161 0.130951 0.00367133
3 0.725302 0.611819 0.080161 0.130951 0.00336289
1 0.902629 0.610797 0.0163483 0.0735435 0.00331155
5 0.725679 0.611161 0.0779121 0.128739 0.00315999
1 0.8064 0.626562 0.00860043 0.0941802 0.00255236
0 0.939438 0.623215 0.00764027 0.0460721 0.00238944
0 0.902731 0.613787 0.00955944 0.07512 0.00238558
1 0.808267 0.609013 0.00744438 0.0710988 0.00225751
1 0.146962 0.662668 0.00649443 0.0210823 0.0020133
3 0.902731 0.613787 0.00955944 0.07512 0.00184711
2 0.902461 0.614775 0.0104103 0.0722185 0.00184536
1 0.909364 0.554916 0.00753117 0.0452115 0.00179452
3 0.56027 0.561342 0.113819 0.308904 0.00176885
5 0.558869 0.564834 0.119495 0.295834 0.00174982
4 0.93941 0.621484 0.00625286 0.046217 0.00152137
0 0.97705 0.563989 0.0068367 0.0387011 0.00151258
5 0.902717 0.615552 0.00981655 0.0711871 0.00144818
4 0.902461 0.614775 0.0104103 0.0722185 0.00144147
4 0.740725 0.62699 0.178249 0.219948 0.00135357
3 0.939527 0.622008 0.00716629 0.046222 0.00130897
1 0.87414 0.619691 0.0082962 0.0644598 0.00130107
1 0.959853 0.530438 0.0057951 0.0300693 0.00124744
1 0.998464 0.659399 0.00307207 0.0613584 0.00122868
1 0.911067 0.554758 0.00721397 0.0495816 0.00119935
5 0.939438 0.623215 0.00764027 0.0460721 0.00118305
2 0.939438 0.623215 0.00764027 0.0460721 0.00116739
1 0.958719 0.537925 0.00733337 0.0224223 0.00106307
1 0.972106 0.638825 0.0125635 0.0768542 0.00102849
