1 0.690575 0.768418 0.0113832 0.0970203 0.873888
1 0.754975 0.794132 0.0142599 0.128142 0.857588
1 0.803965 0.811914 0.0172924 0.145598 0.828565
1 0.867725 0.831876 0.0261938 0.178926 0.827999
1 0.720426 0.780493 0.0137671 0.111827 0.827501
1 0.668889 0.761645 0.00946569 0.0888167 0.783046
1 0.649135 0.754872 0.00950279 0.0818441 0.753245
1 0.634198 0.74276 0.00858669 0.0695689 0.74107
1 0.956377 0.857105 0.0253212 0.20902 0.722228
1 0.620815 0.736917 0.00859194 0.0646011 0.57995
2 0.117459 0.771556 0.0877444 0.210867 0.439488
1 0.607165 0.730344 0.00978727 0.0585286 0.380314
2 0.254188 0.728227 0.0471517 0.103188 0.328265
1 0.591709 0.727342 0.00874386 0.0533212 0.314157
1 0.618552 0.734899 0.0113111 0.0630886 0.292037
1 0.586947 0.725539 0.0108084 0.0479004 0.283872
2 0.0405856 0.798303 0.0806985 0.195274 0.226958
1 0.570722 0.718949 0.00838232 0.0432153 0.168506
2 0.264996 0.728392 0.0510863 0.0912169 0.154449
1 0.55615 0.713965 0.0071207 0.0397907 0.1454
1 0.593301 0.727659 0.0147302 0.0521435 0.138075
2 0.192159 0.739706 0.0585832 0.133238 0.102813
2 0.275144 0.727115 0.0366191 0.081999 0.0932309
1 0.581341 0.723261 0.010457 0.0491657 0.0779194
2 0.217961 0.731316 0.0316971 0.109883 0.070431
1 0.646507 0.752104 0.0138021 0.0750754 0.0664771
2 0.207785 0.735132 0.0449119 0.124578 0.0612341
1 0.672658 0.762825 0.0158551 0.0879978 0.0572533
1 0.664858 0.760325 0.0212625 0.0881636 0.0505074
2 0.0863298 0.904614 0.16435 0.190399 0.0457053
1 0.654029 0.760292 0.0109782 0.081435 0.0396384
1 0.615144 0.734194 0.0156992 0.0567666 0.0346212
2 0.226274 0.730705 0.0308009 0.107448 0.0344553
2 0.111958 0.811 0.116306 0.307029 0.0312065
2 0.307522 0.725495 0.0339763 0.0720457 0.0280457
2 0.168737 0.744589 0.0595231 0.135925 0.0278006
2 0.0325782 0.655792 0.0604906 0.153592 0.0268614
3 0.955653 0.852951 0.0233606 0.198897 0.0267361
1 0.625978 0.739306 0.0156105 0.0649929 0.0232524
2 0.0934959 0.834313 0.176126 0.318647 0.0202223
2 0.293963 0.724861 0.0284298 0.0761058 0.0191028
2 0.157287 0.748257 0.0388432 0.139127 0.0178679
2 0.316085 0.7209 0.0193275 0.0728692 0.0172161
1 0.586456 0.724104 0.0167091 0.0528325 0.016554
1 0.552772 0.714063 0.0101876 0.038564 0.0159292
3 0.868546 0.830572 0.0244965 0.1799 0.0129168
1 0.559411 0.714923 0.0156443 0.0407299 0.0105414
1 0.592613 0.726306 0.02255 0.0569429 0.00968845
1 0.956771 0.853021 0.0212387 0.132519 0.00963724
0 0.86764 0.831495 0.0251925 0.183334 0.00959858
1 0.546221 0.712686 0.00721083 0.0356691 0.00947325
1 0.600071 0.728899 0.0166612 0.0516317 0.00873812
1 0.954742 0.897953 0.0190052 0.121346 0.00757463
1 0.251521 0.728952 0.0423973 0.104753 0.00697735
3 0.803726 0.812324 0.0174467 0.154044 0.00669608
4 0.86764 0.831495 0.0251925 0.183334 0.00656564
1 0.755197 0.79549 0.0222335 0.1388 0.00654629
0 0.803767 0.811419 0.0175882 0.14928 0.00619143
3 0.755397 0.795443 0.0149247 0.134125 0.00597695
2 0.322546 0.717307 0.0210232 0.0666317 0.00585062
0 0.690416 0.768483 0.0131431 0.0967229 0.00572093
2 0.86764 0.831495 0.0251925 0.183334 0.00571551
1 0.634615 0.75768 0.00728455 0.0575943 0.00521282
1 0.570818 0.717777 0.014808 0.0462616 0.00518854
5 0.86764 0.831495 0.0251925 0.183334 0.00503415
3 0.720426 0.780493 0.0137671 0.111827 0.00496798
0 0.668444 0.761618 0.00985775 0.08736 0.00493995
1 0.302897 0.723698 0.0232609 0.0740165 0.00464939
5 0.803726 0.812324 0.0174467 0.154044 0.00459554
1 0.667199 0.752243 0.00861769 0.0881402 0.00451613
2 0.108942 0.765027 0.1715 0.270604 0.00439785
2 0.194298 0.741872 0.0871864 0.1614 0.00424614
1 0.632089 0.739133 0.0143318 0.0635118 0.00422684
0 0.955951 0.856427 0.0256031 0.211176 0.00403128
0 0.117759 0.771048 0.0970974 0.230563 0.00392116
2 0.803573 0.812321 0.0174074 0.15047 0.00385545
1 0.316085 0.7209 0.0193275 0.0728692 0.00383158
0 0.720224 0.780035 0.0140488 0.106797 0.00382101
4 0.955951 0.856427 0.0256031 0.211176 0.00366926
5 0.755397 0.795443 0.0149247 0.134125 0.00366386
1 0.581642 0.722508 0.0185217 0.0510249 0.00365172
3 0.668444 0.761618 0.00985775 0.08736 0.00364839
5 0.956641 0.855218 0.0263798 0.216993 0.00346579
2 0.196649 0.712792 0.0620687 0.128249 0.00344843
4 0.803624 0.812098 0.0168114 0.14666 0.00341093
2 0.755674 0.795286 0.0153612 0.133692 0.00339385
3 0.690447 0.768651 0.0111589 0.0954156 0.00339043
2 0.956377 0.857105 0.0253212 0.20902 0.00333514
2 0.0694291 0.81205 0.138858 0.264231 0.00320613
1 0.275144 0.727115 0.0366191 0.081999 0.00305524
2 0.258745 0.732077 0.0799301 0.144803 0.00304166
1 0.55438 0.71016 0.00923481 0.0362654 0.00303198
0 0.755397 0.795443 0.0149247 0.134125 0.00294004
1 0.543854 0.709247 0.0140351 0.0369859 0.00291222
2 0.72044 0.782359 0.0129609 0.105796 0.00290463
1 0.962959 0.782122 0.0116152 0.0730955 0.00288609
0 0.633887 0.743304 0.00911932 0.0674049 0.00282532
1 0.593191 0.734148 0.0100988 0.0448724 0.0027874
5 0.720535 0.781598 0.0139157 0.114469 0.00275481
1 0.264999 0.727077 0.0509669 0.0929323 0.00271401
4 0.755674 0.795286 0.0153612 0.133692 0.00266443
3 0.64914 0.755249 0.0107355 0.0810332 0.00254304
1 0.116082 0.768319 0.0874675 0.225035 0.00250101
2 0.668914 0.762202 0.0107071 0.0899197 0.00247766
4 0.117656 0.771142 0.091267 0.221855 0.00244615
0 0.0441654 0.79835 0.0883307 0.20006 0.00228249
2 0.69022 0.768227 0.0108148 0.0962445 0.00224762
2 0.284369 0.736849 0.0843911 0.122156 0.00217381
0 0.256809 0.728252 0.0608273 0.108194 0.0021413
2 0.0273042 0.801417 0.0532225 0.17441 0.00210609
2 0.0425607 0.849663 0.0851215 0.288855 0.00210497
2 0.0603557 0.795476 0.0859157 0.185478 0.00206571
2 0.346064 0.709718 0.0186581 0.0581095 0.00204921
1 0.0417451 0.799089 0.0834903 0.20188 0.0020156
3 0.116082 0.768319 0.0874675 0.225035 0.00195698
3 0.633887 0.743304 0.00911932 0.0674049 0.00192359
1 0.577748 0.720497 0.0168168 0.0440199 0.00191508
1 0.217961 0.731316 0.0316971 0.109883 0.00189681
0 0.620597 0.73723 0.00935888 0.0607632 0.00185418
0 0.648241 0.750384 0.0100464 0.0774802 0.00182897
5 0.117952 0.76986 0.0887893 0.217935 0.00182718
1 0.634125 0.729538 0.00640326 0.0560016 0.00177858
5 0.690693 0.767789 0.0105147 0.0960308 0.00174553
4 0.690503 0.768414 0.0108271 0.0965446 0.00171586
0 0.835662 0.51607 0.0312826 0.0922378 0.00169123
3 0.251355 0.728427 0.0404902 0.102426 0.00167109
4 0.668914 0.762202 0.0107071 0.0899197 0.00166586
4 0.720254 0.782525 0.0136133 0.108116 0.00162166
1 0.648397 0.728637 0.00697269 0.0515374 0.00161831
2 0.620597 0.73723 0.00935888 0.0607632 0.00160167
4 0.620597 0.73723 0.00935888 0.0607632 0.00159007
2 0.648599 0.75855 0.00936699 0.070108 0.00158212
4 0.259337 0.728306 0.056441 0.100869 0.00156307
1 0.539758 0.708729 0.0176731 0.0367869 0.00154677
1 0.294557 0.72288 0.027461 0.0766469 0.00152352
1 0.735034 0.961978 0.00863371 0.0313656 0.00150571
5 0.669227 0.762547 0.0105491 0.0921187 0.00143945
1 0.718975 0.779085 0.0236454 0.117823 0.00138699
3 0.607196 0.7308 0.0107002 0.0571174 0.00137271
4 0.633887 0.743304 0.00911932 0.0674049 0.00135983
1 0.544732 0.708101 0.0204553 0.0425532 0.00133818
3 0.618552 0.734899 0.0113111 0.0630886 0.0013323
1 0.192159 0.739706 0.0585832 0.133238 0.00131874
5 0.64835 0.750603 0.00946426 0.0768556 0.00130508
0 0.664858 0.760325 0.0212625 0.0881636 0.00130014
4 0.64835 0.750603 0.00946426 0.0768556 0.00128277
2 0.633887 0.743304 0.00911932 0.0674049 0.00128082
2 0.591709 0.727342 0.00874386 0.0533212 0.00126683
1 0.957265 0.880946 0.0186144 0.129607 0.0012514
1 0.207785 0.735132 0.0449119 0.124578 0.00120565
3 0.834001 0.515479 0.0341534 0.0984331 0.00118916
5 0.254288 0.726217 0.0480883 0.097129 0.00117731
5 0.634198 0.74276 0.00858669 0.0695689 0.00117362
2 0.115669 0.923417 0.154692 0.150227 0.00115127
3 0.0417451 0.799089 0.0834903 0.20188 0.00114956
2 0.606262 0.73107 0.00861578 0.0568631 0.00114772
4 0.591709 0.727342 0.00874386 0.0533212 0.00110349
4 0.606262 0.73107 0.00861578 0.0568631 0.0010994
4 0.587002 0.724916 0.0126119 0.0479195 0.00109418
1 0.226274 0.730705 0.0308009 0.107448 0.00103658
2 0.0638993 0.871084 0.127632 0.257831 0.00102523
0 0.190228 0.740539 0.0733834 0.134091 0.00102054
5 0.0417451 0.799089 0.0834903 0.20188 0.00100937
