4 0.836849 0.64933 0.0540125 0.132817 0.87183
3 0.834098 0.651354 0.0583738 0.141857 0.0251309
0 0.836517 0.653436 0.0577524 0.138273 0.00906445
2 0.836517 0.653436 0.0577524 0.138273 0.00808042
1 0.836517 0.653436 0.0577524 0.138273 0.00771813
3 0.916728 0.523391 0.0949419 0.908934 0.00656832
5 0.836517 0.653436 0.0577524 0.138273 0.00523944
3 0.921487 0.553061 0.0684168 0.750331 0.00410497
3 0.923721 0.59096 0.0496817 0.516376 0.00365718
4 0.851916 0.645661 0.19504 0.250743 0.00334572
3 0.874186 0.459232 0.137603 0.918464 0.00251896
1 0.709017 0.713804 0.0251814 0.100922 0.00145004
3 0.849364 0.611242 0.0889265 0.329242 0.00106077
