1 0.143109 0.779908 0.0270953 0.107356 0.722423
4 0.920437 0.647411 0.144844 0.378708 0.558165
1 0.589639 0.598875 0.00548325 0.0306486 0.0507554
1 0.588143 0.598465 0.00517645 0.0294132 0.0256104
4 0.469216 0.535919 0.136219 0.312359 0.00921121
0 0.142768 0.779073 0.0270769 0.108957 0.00764595
4 0.14217 0.780336 0.026194 0.106008 0.00633039
2 0.143109 0.779908 0.0270953 0.107356 0.00609224
3 0.143178 0.777994 0.0270713 0.105629 0.00560523
3 0.921425 0.653004 0.13947 0.391871 0.00477614
2 0.920544 0.647133 0.146623 0.381728 0.00376354
5 0.14217 0.780336 0.026194 0.106008 0.00340254
4 0.903613 0.586566 0.0879551 0.252242 0.00337828
5 0.921361 0.646031 0.144119 0.380695 0.00315242
1 0.921425 0.653004 0.13947 0.391871 0.00308534
0 0.921425 0.653004 0.13947 0.391871 0.00271311
1 0.130541 0.585645 0.00693095 0.0439412 0.00167716
4 0.925999 0.583222 0.148002 0.241165 0.00162778
1 0.55192 0.599541 0.0118361 0.0412335 0.00139719
4 0.895294 0.757972 0.0901676 0.15929 0.00138433
1 0.589839 0.603083 0.00750008 0.0265826 0.00119454
1 0.540965 0.608872 0.00803156 0.0379579 0.00101357
1 0.543448 0.602964 0.00991812 0.0480448 0.00100276
