1 0.277071 0.701675 0.0120331 0.0952935 0.271875
1 0.174695 0.726447 0.0162825 0.0743391 0.0185384
1 0.687074 0.686609 0.0120677 0.0371353 0.00708792
1 0.19388 0.741167 0.0142323 0.0405892 0.00582386
1 0.276013 0.69008 0.0171413 0.128741 0.00571697
1 0.277793 0.71347 0.0162858 0.095155 0.00358106
1 0.181703 0.739195 0.0139476 0.0431259 0.00326605
3 0.276908 0.701643 0.0124057 0.096133 0.00326516
3 0.984286 0.784173 0.0270639 0.0347258 0.00300983
3 0.5 0.5 1 1 0.00193463
1 0.165176 0.725706 0.0159786 0.0834913 0.00191021
1 0.205378 0.741794 0.014785 0.0367883 0.00172605
0 0.27716 0.703783 0.0145188 0.103195 0.00149861
1 0.618795 0.69523 0.0080534 0.0294912 0.00142133
1 0.170186 0.72773 0.0257967 0.0810116 0.00122456
0 0.983693 0.713369 0.0326146 0.267745 0.00108908
2 0.277042 0.705129 0.0132077 0.0980918 0.00107594
0 0.983688 0.757534 0.0319712 0.122175 0.00106602
5 0.277042 0.705129 0.0132077 0.0980918 0.00106339
3 0.984954 0.789501 0.0286427 0.0574639 0.00105909
