4 0.839684 0.703922 0.162156 0.296976 0.30961
0 0.237436 0.756654 0.0230572 0.0705044 0.114752
1 0.51436 0.680209 0.0143426 0.0469523 0.0302094
0 0.514379 0.679829 0.0144515 0.0445607 0.0119989
3 0.841942 0.700833 0.170507 0.290859 0.00956048
1 0.575651 0.649718 0.00677443 0.0414941 0.00651178
1 0.237436 0.756654 0.0230572 0.0705044 0.00515436
5 0.840401 0.697856 0.165546 0.280793 0.003728
2 0.840401 0.697856 0.165546 0.280793 0.00349822
0 0.841942 0.700833 0.170507 0.290859 0.00323875
1 0.841942 0.700833 0.170507 0.290859 0.00319009
4 0.801683 0.697188 0.123284 0.283097 0.00258855
1 0.323069 0.763881 0.0105886 0.0866491 0.00223191
0 0.575015 0.650049 0.00684443 0.0385655 0.00156436
1 0.441955 0.651528 0.00728865 0.0467153 0.001506
1 0.362148 0.689314 0.011621 0.10063 0.00106002
