0 0.977431 0.863227 0.0408281 0.0802543 0.0394195
1 0.294452 0.592624 0.0122604 0.0689218 0.0342943
1 0.288439 0.596668 0.013133 0.0626385 0.0217002
0 0.290041 0.594735 0.0152348 0.0646962 0.0170486
3 0.695056 0.442514 0.0374958 0.185556 0.0144453
1 0.224634 0.58933 0.00623817 0.0372618 0.0129943
3 0.691974 0.478669 0.0500069 0.255122 0.00848899
3 0.696293 0.409235 0.0333994 0.104502 0.0073669
0 0.294493 0.592434 0.0130426 0.0665208 0.00630375
1 0.804675 0.654088 0.0185793 0.121016 0.00376014
1 0.174251 0.631662 0.00770136 0.0484391 0.00367468
0 0.921617 0.576024 0.0188818 0.0582744 0.00359856
3 0.690937 0.513714 0.0640583 0.338524 0.00354099
1 0.297001 0.585188 0.00925393 0.0631064 0.00352549
3 0.977228 0.859847 0.0405207 0.0776467 0.00348247
3 0.821808 0.349342 0.308962 0.567496 0.00323597
3 0.699957 0.397752 0.0235301 0.0851571 0.00320512
1 0.977479 0.864089 0.039937 0.0767202 0.00303484
1 0.419536 0.652143 0.00913239 0.0587623 0.0029713
1 0.918589 0.569725 0.0215937 0.0707507 0.00287764
1 0.906259 0.543504 0.0107445 0.0638675 0.0025734
1 0.908559 0.549334 0.0119091 0.0611315 0.00248453
1 0.172666 0.630754 0.00992813 0.0653671 0.00215672
1 0.225492 0.58786 0.00920887 0.0496816 0.00166006
1 0.167814 0.6352 0.011224 0.0552953 0.00156897
1 0.816361 0.65664 0.0284107 0.124017 0.00128346
3 0.687805 0.409786 0.05171 0.125995 0.00127612
1 0.160036 0.633995 0.010976 0.0654945 0.00107608
1 0.824581 0.658206 0.0216219 0.119349 0.00105218
4 0.225076 0.58752 0.00888271 0.0495505 0.00104775
1 0.900884 0.53697 0.0112045 0.0586826 0.00100439
