0 0.94047 0.703096 0.0299582 0.103033 0.267771
3 0.0873666 0.610783 0.0871045 0.700259 0.226871
0 0.636316 0.754336 0.0165673 0.0902034 0.220132
1 0.157967 0.915875 0.0392249 0.161204 0.216714
3 0.70011 0.503237 0.144898 0.858874 0.121591
1 0.636316 0.754336 0.0165673 0.0902034 0.11064
0 0.918736 0.699647 0.0254726 0.0964021 0.0956614
3 0.0706149 0.507553 0.116548 0.984894 0.0872348
0 0.264851 0.887894 0.0457682 0.171283 0.0280035
3 0.737796 0.520538 0.202893 0.958924 0.0242526
3 0.867876 0.699242 0.169785 0.506269 0.0229843
3 0.291304 0.312963 0.0585865 0.166284 0.0163067
3 0.793057 0.510322 0.342729 0.865519 0.0153746
3 0.375954 0.691396 0.0626617 0.254906 0.0128536
0 0.246785 0.897196 0.0595009 0.185949 0.0126812
1 0.745723 0.849692 0.0291243 0.144644 0.0111672
0 0.866729 0.713598 0.167209 0.467957 0.0104491
1 0.262157 0.891711 0.048406 0.176313 0.0079227
3 0.901196 0.647536 0.0939596 0.42393 0.00693885
3 0.690486 0.336424 0.122082 0.538818 0.00626966
1 0.274209 0.67268 0.0119514 0.0669015 0.00512019
1 0.374563 0.687213 0.0711641 0.248323 0.00496303
1 0.239539 0.905114 0.0448563 0.176832 0.00462821
1 0.167302 0.901289 0.0557717 0.167929 0.00449309
1 0.379319 0.751567 0.024538 0.116039 0.00436647
3 0.0876537 0.642837 0.157546 0.700405 0.00431714
3 0.256262 0.895363 0.0596826 0.173731 0.00424772
2 0.241722 0.900414 0.0483145 0.177072 0.00418255
1 0.94047 0.703096 0.0299582 0.103033 0.00404085
3 0.901256 0.517988 0.0663322 0.206919 0.00396772
3 0.157287 0.914193 0.0381216 0.16661 0.00374137
2 0.157287 0.914193 0.0381216 0.16661 0.0035588
0 0.928244 0.702731 0.0529839 0.127516 0.00335792
0 0.636426 0.757693 0.0260668 0.0963041 0.00303845
3 0.264781 0.537296 0.0941995 0.362872 0.00288336
2 0.261078 0.890643 0.0546441 0.182182 0.00278614
3 0.0694246 0.564595 0.0943295 0.605839 0.00274885
0 0.9167 0.693475 0.0403694 0.129106 0.00246182
0 0.157302 0.914342 0.0369005 0.163766 0.00242909
3 0.118938 0.473113 0.229986 0.946227 0.00205569
1 0.918174 0.700542 0.0255573 0.0991672 0.00196187
4 0.158003 0.912512 0.0354607 0.167667 0.00193382
0 0.274209 0.67268 0.0119514 0.0669015 0.00192643
1 0.083754 0.868545 0.0520481 0.261308 0.00164473
5 0.157287 0.914193 0.0381216 0.16661 0.0016259
1 0.629959 0.757205 0.0142941 0.0971566 0.00143373
3 0.167302 0.901289 0.0557717 0.167929 0.00143215
0 0.901196 0.647536 0.0939596 0.42393 0.0014085
3 0.937566 0.701132 0.060788 0.152064 0.00140597
3 0.741343 0.358693 0.211441 0.540917 0.00140554
3 0.94047 0.703096 0.0299582 0.103033 0.00138655
1 0.379771 0.732394 0.0347129 0.16583 0.00136423
3 0.636316 0.754336 0.0165673 0.0902034 0.00121192
0 0.699182 0.505163 0.145308 0.882105 0.00115336
5 0.0873666 0.610783 0.0871045 0.700259 0.00109364
2 0.940966 0.701745 0.0314718 0.105977 0.00105486
0 0.0799577 0.638271 0.0830317 0.705054 0.00101263
3 0.917584 0.694494 0.0287954 0.124671 0.0010033
