0 0.196185 0.577392 0.0101305 0.0360719 0.199285
1 0.196221 0.577894 0.00876093 0.036013 0.184408
1 0.250578 0.749611 0.0244304 0.117108 0.148421
1 0.258089 0.740971 0.0249503 0.123804 0.14747
1 0.267478 0.732186 0.0205109 0.114428 0.0811918
1 0.276199 0.725465 0.0182268 0.102398 0.0575538
1 0.301819 0.707169 0.0170197 0.0960427 0.0559564
0 0.22576 0.577515 0.01154 0.0366502 0.0447566
1 0.237739 0.577536 0.00936465 0.0406507 0.0418122
1 0.246759 0.761384 0.0195315 0.100145 0.0411186
1 0.230454 0.575585 0.0102755 0.0384852 0.0273595
1 0.272065 0.727537 0.0193904 0.114677 0.0272902
1 0.306171 0.70455 0.0180646 0.108356 0.0258491
3 0.81953 0.412276 0.0309626 0.0805185 0.0217153
0 0.196609 0.576687 0.0163127 0.0402996 0.0209478
1 0.281702 0.722963 0.0181483 0.110711 0.0203735
1 0.229905 0.577478 0.0174273 0.039861 0.0175806
1 0.537738 0.616923 0.0103125 0.0386426 0.0172603
1 0.25983 0.573018 0.00783339 0.0430745 0.0146962
0 0.537918 0.61702 0.0100196 0.0369737 0.0144389
1 0.22576 0.577515 0.01154 0.0366502 0.0143877
1 0.58465 0.612328 0.00736847 0.0433783 0.0136372
1 0.240408 0.575358 0.0094604 0.0405852 0.012405
1 0.293531 0.718505 0.0224974 0.0929538 0.0120154
1 0.221568 0.575664 0.0101761 0.0351585 0.0100294
1 0.60096 0.615852 0.0117498 0.0302339 0.00637217
1 0.394086 0.656937 0.00901747 0.0433297 0.00595472
1 0.244763 0.781017 0.0165085 0.0657023 0.00514192
1 0.0356897 0.5506 0.0112365 0.0716662 0.00494395
1 0.598147 0.615789 0.0100409 0.0335839 0.00466427
0 0.221568 0.575664 0.0101761 0.0351585 0.00425201
1 0.196199 0.576831 0.0142138 0.0390164 0.00416547
1 0.192079 0.576703 0.0116179 0.0331139 0.00354496
1 0.603645 0.616339 0.0100767 0.029764 0.00317715
1 0.617505 0.615985 0.0118969 0.03137 0.00294961
1 0.312264 0.704058 0.0165884 0.10263 0.00288656
1 0.199156 0.573891 0.010138 0.042372 0.00281559
1 0.238254 0.576716 0.0156477 0.0449417 0.00267407
2 0.196221 0.577894 0.00876093 0.036013 0.00257795
1 0.632034 0.616279 0.00987511 0.0329052 0.00240715
1 0.62099 0.616446 0.00956039 0.0305207 0.00217071
0 0.250578 0.749611 0.0244304 0.117108 0.00194905
1 0.0669389 0.562171 0.00887784 0.0598654 0.00161592
2 0.250578 0.749611 0.0244304 0.117108 0.00157238
0 0.192079 0.576703 0.0116179 0.0331139 0.00153921
1 0.242355 0.754844 0.0252907 0.121431 0.00149769
4 0.196185 0.577392 0.0101305 0.0360719 0.00129993
3 0.818066 0.474787 0.0356848 0.207417 0.0012831
1 0.0963549 0.565202 0.00804565 0.0534949 0.0012585
5 0.250578 0.749611 0.0244304 0.117108 0.00123798
0 0.219734 0.578125 0.0212384 0.0426935 0.0012216
0 0.534823 0.61383 0.0126815 0.036589 0.00119755
1 0.151083 0.575483 0.0080714 0.0355476 0.00117274
4 0.250578 0.749611 0.0244304 0.117108 0.00109904
1 0.121092 0.565743 0.0114564 0.0508024 0.00109844
1 0.634567 0.618628 0.0103011 0.0399952 0.00103392
