1 0.209388 0.785649 0.0241967 0.113457 0.773608
1 0.177905 0.761436 0.0118566 0.0828506 0.747372
1 0.15781 0.748773 0.0124751 0.0756521 0.727347
1 0.142386 0.738773 0.0107991 0.0675851 0.702939
0 0.955925 0.693735 0.0251335 0.059426 0.664244
0 0.837078 0.695408 0.0220633 0.0603697 0.557669
1 0.0571998 0.712844 0.00738927 0.05393 0.53678
1 0.267118 0.71769 0.00750146 0.041154 0.526106
1 0.337056 0.724021 0.00882044 0.053421 0.500078
1 0.0854516 0.717584 0.00771501 0.0476517 0.498197
1 0.192619 0.784718 0.015306 0.114165 0.48956
1 0.315456 0.719933 0.00912051 0.0493913 0.48002
1 0.295403 0.718602 0.00964718 0.0451769 0.402783
1 0.369638 0.724844 0.0114805 0.0586731 0.374152
1 0.11548 0.729349 0.011551 0.061684 0.362469
1 0.132255 0.733869 0.0192518 0.066511 0.30138
1 0.128378 0.73542 0.0114939 0.0654626 0.276794
1 0.0970574 0.720475 0.0139499 0.0502736 0.263415
1 0.111825 0.726989 0.0149036 0.0550498 0.2529
1 0.137803 0.737219 0.0162078 0.0669027 0.232792
1 0.382193 0.720859 0.00993309 0.0526932 0.228633
1 0.302138 0.719356 0.0146002 0.0459418 0.219758
1 0.103666 0.722673 0.0141871 0.0540895 0.215758
1 0.365855 0.725261 0.011479 0.0519608 0.197468
1 0.122359 0.730912 0.0196759 0.0600881 0.177925
1 0.174743 0.756209 0.0232677 0.0837056 0.167023
1 0.0933205 0.718832 0.0159027 0.0504888 0.146489
1 0.399417 0.72068 0.00990124 0.0498489 0.14616
1 0.170157 0.75446 0.0173246 0.0771525 0.130053
1 0.150999 0.740647 0.0212624 0.0698898 0.106675
1 0.293203 0.718398 0.00741234 0.0443956 0.0995976
0 0.382193 0.720859 0.00993309 0.0526932 0.0953002
1 0.328522 0.722327 0.0171477 0.0507112 0.0716584
0 0.399438 0.720648 0.010675 0.0497336 0.0680175
1 0.308067 0.719845 0.0116069 0.0478621 0.0680133
1 0.189986 0.805116 0.0129195 0.100841 0.0549607
1 0.354277 0.718559 0.00828276 0.0522317 0.0517065
0 0.830712 0.685723 0.0152077 0.0559308 0.0491741
1 0.334986 0.722173 0.0144124 0.0540526 0.0448563
1 0.0894744 0.721866 0.0148996 0.051909 0.0361459
1 0.0571806 0.7122 0.0119571 0.0578542 0.0354553
0 0.390559 0.722851 0.0197314 0.0499457 0.0319055
1 0.266682 0.717278 0.0118317 0.043974 0.0220899
1 0.0852633 0.717079 0.0123082 0.0511871 0.0208721
1 0.0614009 0.714728 0.014858 0.0523383 0.0166473
1 0.118555 0.734793 0.0116186 0.0577208 0.0159602
1 0.830428 0.685562 0.0149094 0.0551058 0.0134085
1 0.380703 0.725036 0.0250142 0.053452 0.0125449
0 0.20788 0.787635 0.028682 0.123021 0.0125344
1 0.196199 0.767948 0.0104835 0.0874006 0.0116774
1 0.390559 0.722851 0.0197314 0.0499457 0.0104506
1 0.191081 0.794965 0.0241304 0.128534 0.0099568
0 0.267078 0.718079 0.00814924 0.0414381 0.0086178
1 0.837044 0.694543 0.0208204 0.063008 0.00833312
1 0.956395 0.693909 0.024441 0.0627116 0.00815243
4 0.20788 0.787635 0.028682 0.123021 0.00643662
1 0.293181 0.717364 0.0117373 0.0504179 0.0058587
0 0.178109 0.765112 0.0142838 0.0845296 0.0057959
5 0.210149 0.78407 0.0211946 0.109978 0.00473624
2 0.365855 0.725261 0.011479 0.0519608 0.00444014
0 0.157549 0.748719 0.0128606 0.0748233 0.00426356
2 0.209388 0.785649 0.0241967 0.113457 0.00405941
3 0.209081 0.784528 0.0256576 0.115706 0.00399147
2 0.14226 0.738773 0.01168 0.0666719 0.00373443
4 0.178109 0.765112 0.0142838 0.0845296 0.00369174
0 0.190717 0.794947 0.0155678 0.114657 0.00330713
0 0.33536 0.724485 0.0142023 0.0537738 0.00330447
0 0.295322 0.718206 0.010916 0.0443595 0.00329572
3 0.157218 0.747316 0.0127909 0.0728124 0.003267
0 0.370382 0.725534 0.0160181 0.0560959 0.00324811
2 0.0854516 0.717584 0.00771501 0.0476517 0.00319046
2 0.128477 0.73536 0.0123272 0.0638329 0.0030677
2 0.295142 0.718266 0.00942507 0.0448702 0.00300638
2 0.369638 0.724844 0.0114805 0.0586731 0.00297911
0 0.14226 0.738773 0.01168 0.0666719 0.00276372
2 0.0970574 0.720475 0.0139499 0.0502736 0.00276282
0 0.0854962 0.717241 0.00879083 0.0466831 0.00276265
0 0.174743 0.756209 0.0232677 0.0837056 0.00271207
1 0.33768 0.734562 0.00894542 0.0496787 0.00264493
0 0.0573703 0.709898 0.00933452 0.0573819 0.00260164
3 0.178109 0.765112 0.0142838 0.0845296 0.00256795
2 0.177714 0.762136 0.0123835 0.0838925 0.00250183
2 0.381092 0.722901 0.00995121 0.0543265 0.00247627
4 0.26716 0.717161 0.00699668 0.0419893 0.00247103
2 0.956205 0.693856 0.0251505 0.0615449 0.00245352
2 0.157218 0.747316 0.0127909 0.0728124 0.00240398
2 0.111825 0.726989 0.0149036 0.0550498 0.00228383
5 0.178109 0.765112 0.0142838 0.0845296 0.00227359
2 0.267162 0.717811 0.00850663 0.039827 0.0022531
2 0.399303 0.720856 0.00957518 0.0511943 0.00225093
4 0.137803 0.737219 0.0162078 0.0669027 0.00224406
4 0.115101 0.728948 0.0189286 0.0591936 0.00215487
2 0.137803 0.737219 0.0162078 0.0669027 0.00212588
2 0.11548 0.729349 0.011551 0.061684 0.00211532
0 0.137803 0.737219 0.0162078 0.0669027 0.0020921
2 0.190551 0.794725 0.017998 0.123811 0.00208729
3 0.192617 0.783834 0.0156177 0.114286 0.00197755
5 0.15781 0.748773 0.0124751 0.0756521 0.00196695
4 0.295322 0.718206 0.010916 0.0443595 0.00192039
3 0.14166 0.7382 0.0122635 0.0677231 0.0019048
4 0.0860264 0.718151 0.00763607 0.0483383 0.00185198
4 0.121688 0.729931 0.0193168 0.0612089 0.00184817
2 0.335679 0.723451 0.0101876 0.0516529 0.00182646
4 0.956205 0.693856 0.0251505 0.0615449 0.00178106
4 0.0576744 0.709811 0.00859741 0.0575851 0.00178096
3 0.0573703 0.709898 0.00933452 0.0573819 0.00177654
4 0.157549 0.748719 0.0128606 0.0748233 0.00175512
4 0.337239 0.724103 0.00954404 0.0530284 0.00174449
5 0.14166 0.7382 0.0122635 0.0677231 0.00172665
4 0.190551 0.794725 0.017998 0.123811 0.00172204
2 0.315456 0.719933 0.00912051 0.0493913 0.0017213
4 0.14226 0.738773 0.01168 0.0666719 0.00171746
4 0.369506 0.724149 0.0124928 0.0590429 0.00170603
4 0.399247 0.719752 0.00972662 0.0453534 0.00170512
4 0.328522 0.722327 0.0171477 0.0507112 0.00170174
3 0.955734 0.691837 0.0241623 0.0610094 0.0016959
1 0.17995 0.765084 0.0226656 0.0956022 0.00168519
2 0.132255 0.733869 0.0192518 0.066511 0.0016761
5 0.295322 0.718206 0.010916 0.0443595 0.00166853
3 0.369638 0.724844 0.0114805 0.0586731 0.00166762
1 0.117363 0.727059 0.0291795 0.0636269 0.00166114
2 0.103666 0.722673 0.0141871 0.0540895 0.00165819
1 0.0233124 0.537984 0.0189679 0.0754033 0.0016083
5 0.190732 0.795356 0.0164995 0.1177 0.00160677
3 0.337239 0.724103 0.00954404 0.0530284 0.00156711
0 0.121688 0.729931 0.0193168 0.0612089 0.00156149
2 0.0571319 0.712827 0.00837074 0.0539171 0.0015065
4 0.837044 0.694543 0.0208204 0.063008 0.00149942
5 0.955734 0.691837 0.0241623 0.0610094 0.00149211
0 0.328522 0.722327 0.0171477 0.0507112 0.00149083
5 0.837263 0.6939 0.0209986 0.0613625 0.0014743
0 0.868274 0.694805 0.0192987 0.0823827 0.00146627
4 0.315614 0.719783 0.0104502 0.0478865 0.00145908
3 0.29538 0.718562 0.0106575 0.0441813 0.00145533
2 0.122359 0.730912 0.0196759 0.0600881 0.00145436
2 0.837078 0.695408 0.0220633 0.0603697 0.00145177
0 0.115101 0.728948 0.0189286 0.0591936 0.00144546
0 0.315614 0.719783 0.0104502 0.0478865 0.001441
3 0.382028 0.721765 0.0108524 0.0524122 0.00143468
0 0.150999 0.740647 0.0212624 0.0698898 0.00140695
5 0.0854962 0.717241 0.00879083 0.0466831 0.00140224
1 0.139799 0.735779 0.0274317 0.0712657 0.00135984
5 0.33582 0.722987 0.0115191 0.0525104 0.00134671
2 0.0934388 0.718515 0.0163683 0.0494342 0.00134422
5 0.0571998 0.712844 0.00738927 0.05393 0.00134103
0 0.380703 0.725036 0.0250142 0.053452 0.00132696
5 0.369638 0.724844 0.0114805 0.0586731 0.00132324
5 0.267162 0.717811 0.00850663 0.039827 0.00131846
5 0.115129 0.729145 0.0125314 0.0612639 0.00131368
3 0.267078 0.718079 0.00814924 0.0414381 0.0012755
3 0.837078 0.695408 0.0220633 0.0603697 0.00124794
0 0.170157 0.75446 0.0173246 0.0771525 0.00121624
4 0.382193 0.720859 0.00993309 0.0526932 0.00120104
1 0.368255 0.734704 0.011558 0.0473112 0.00119783
1 0.14123 0.73247 0.0154565 0.0755107 0.00117986
4 0.11548 0.729349 0.011551 0.061684 0.00115924
3 0.132362 0.734568 0.0191054 0.0653744 0.00114851
5 0.137803 0.737219 0.0162078 0.0669027 0.00114611
3 0.315614 0.719783 0.0104502 0.0478865 0.00114587
4 0.0973165 0.719838 0.0158767 0.049255 0.00114042
0 0.828061 0.679464 0.0107626 0.049832 0.00112193
4 0.132255 0.733869 0.0192518 0.066511 0.0010901
3 0.115129 0.729145 0.0125314 0.0612639 0.00107564
5 0.315614 0.719783 0.0104502 0.0478865 0.00107375
4 0.150999 0.740647 0.0212624 0.0698898 0.00106023
5 0.132362 0.734568 0.0191054 0.0653744 0.00104668
5 0.382193 0.720859 0.00993309 0.0526932 0.00102196
5 0.111825 0.726989 0.0149036 0.0550498 0.00102041
1 0.930386 0.629461 0.0135008 0.0519906 0.00101855
