1 0.617312 0.631925 0.0084239 0.053717 0.0649799
1 0.263461 0.578012 0.00861592 0.0657082 0.0505142
3 0.789924 0.331505 0.0585081 0.122581 0.0347761
1 0.262324 0.595128 0.00932465 0.0721244 0.0293389
3 0.601747 0.373177 0.0579641 0.308633 0.0158576
3 0.601541 0.279768 0.0540153 0.114288 0.0143553
1 0.23595 0.617097 0.0107396 0.0662169 0.0109067
0 0.263853 0.57914 0.00985799 0.0651431 0.0104412
1 0.644941 0.634803 0.0152493 0.0707703 0.00728679
1 0.264697 0.568161 0.00820837 0.0525951 0.00681328
3 0.594873 0.434778 0.0641389 0.333152 0.00451164
0 0.262324 0.595128 0.00932465 0.0721244 0.00360748
1 0.238991 0.60464 0.0111366 0.0752669 0.00266894
1 0.262944 0.58154 0.0143242 0.0750939 0.00194102
1 0.398208 0.698954 0.0117703 0.0903254 0.00186878
1 0.263136 0.607127 0.011362 0.0541184 0.00167989
1 0.26167 0.597976 0.0157577 0.0773683 0.00161251
1 0.623549 0.630596 0.0133897 0.0644523 0.00144244
1 0.618584 0.631163 0.013473 0.0563335 0.0013796
1 0.181655 0.604177 0.00798874 0.0640177 0.00130149
1 0.258037 0.609482 0.0117177 0.0536811 0.00109244
