4 0.412689 0.705535 0.0389059 0.0826466 0.374841
1 0.830174 0.687467 0.00669136 0.045579 0.318819
1 0.0234119 0.736722 0.00944756 0.0819058 0.0150763
1 0.83023 0.685467 0.01168 0.0499928 0.0126956
4 0.595135 0.83756 0.0773549 0.253835 0.00725716
1 0.863782 0.644438 0.00822449 0.0394089 0.00454441
3 0.596321 0.841518 0.0749049 0.265485 0.00441633
1 0.831999 0.686121 0.00716858 0.0390308 0.00417993
1 0.0223771 0.721749 0.0156281 0.138097 0.00406794
1 0.413418 0.706788 0.0404619 0.0828322 0.003585
0 0.830122 0.685923 0.00794334 0.0451324 0.00289327
3 0.413871 0.707024 0.0409548 0.0806415 0.00285421
0 0.413418 0.706788 0.0404619 0.0828322 0.0027984
2 0.830174 0.687467 0.00669136 0.045579 0.00279762
5 0.413418 0.706788 0.0404619 0.0828322 0.00252581
0 0.249076 0.63183 0.0194898 0.0547539 0.00240861
2 0.413418 0.706788 0.0404619 0.0828322 0.00240564
0 0.863782 0.644438 0.00822449 0.0394089 0.00181354
4 0.830174 0.687467 0.00669136 0.045579 0.00145383
1 0.0951461 0.716481 0.00864501 0.0656811 0.00121572
4 0.248813 0.637621 0.0185981 0.071332 0.00115859
