3 0.167036 0.592643 0.0616936 0.401919 0.434536
1 0.671354 0.666868 0.0092556 0.0557092 0.130038
3 0.162825 0.450725 0.0528615 0.127834 0.0556295
3 0.467525 0.368903 0.0651916 0.124859 0.0487912
1 0.303704 0.690373 0.00797033 0.0519999 0.0440908
3 0.164738 0.523995 0.0576192 0.257028 0.0411009
1 0.65753 0.664499 0.00948734 0.0595247 0.019836
1 0.66553 0.667413 0.0162804 0.0565923 0.010071
1 0.642947 0.662593 0.0119096 0.0677138 0.0100472
0 0.167036 0.592643 0.0616936 0.401919 0.00611565
1 0.636412 0.665005 0.0121893 0.062512 0.00547013
3 0.153205 0.634469 0.0920757 0.489294 0.00537865
1 0.609212 0.659093 0.00809946 0.0658149 0.00389516
3 0.157285 0.591363 0.155383 0.437629 0.00363424
3 0.238821 0.437022 0.0443968 0.502982 0.0033031
1 0.167036 0.592643 0.0616936 0.401919 0.00242291
3 0.15708 0.438409 0.042085 0.092014 0.00232893
4 0.671354 0.666868 0.0092556 0.0557092 0.00214323
1 0.669952 0.669397 0.0164148 0.0566048 0.00193079
1 0.303819 0.690487 0.0122203 0.0570043 0.00188786
1 0.616174 0.66406 0.0115573 0.0573739 0.00179394
1 0.198637 0.686359 0.0099205 0.0535416 0.00177966
5 0.166433 0.582725 0.0639563 0.383372 0.0017402
1 0.644961 0.67005 0.0114769 0.0521177 0.00172299
2 0.165852 0.576982 0.0620192 0.370742 0.00166217
1 0.815202 0.570781 0.00717564 0.0453514 0.00149221
1 0.65746 0.664442 0.0161153 0.0656925 0.00142496
3 0.634494 0.554171 0.0523349 0.226466 0.00140199
4 0.166433 0.582725 0.0639563 0.383372 0.0014005
4 0.541397 0.148485 0.881492 0.293333 0.00139531
0 0.671501 0.666066 0.0108199 0.0562127 0.00138071
3 0.241453 0.345929 0.0483206 0.336214 0.00136177
3 0.46823 0.512802 0.074318 0.391082 0.00128787
3 0.183571 0.654191 0.0387009 0.319519 0.00123671
1 0.161375 0.440322 0.0559062 0.110461 0.00123481
0 0.162825 0.450725 0.0528615 0.127834 0.00122809
3 0.168497 0.474791 0.0572435 0.184522 0.00118265
1 0.241379 0.764276 0.0195998 0.110779 0.00117712
1 0.646571 0.666162 0.0204349 0.0610374 0.00117335
0 0.303704 0.690373 0.00797033 0.0519999 0.0011438
