1 0.692028 0.774153 0.01103 0.103683 0.869296
1 0.66679 0.765008 0.0115865 0.0862971 0.867924
1 0.75832 0.807742 0.0168392 0.140872 0.832954
1 0.718994 0.788785 0.0132957 0.117322 0.826193
1 0.811034 0.825085 0.0205334 0.163406 0.775603
1 0.877875 0.867289 0.0220409 0.162203 0.764085
1 0.647331 0.758197 0.00975819 0.0808478 0.714264
1 0.631584 0.749734 0.00911093 0.0693007 0.652943
1 0.651221 0.759242 0.0154602 0.0822249 0.534878
1 0.616148 0.742425 0.00999994 0.0658357 0.494517
1 0.610401 0.738198 0.00935459 0.0632487 0.378668
1 0.618545 0.7436 0.0100958 0.06867 0.368731
1 0.728828 0.798194 0.0202912 0.117064 0.205134
1 0.586762 0.729477 0.0142608 0.0534146 0.12076
1 0.877063 0.895754 0.0178259 0.0986576 0.116475
1 0.594356 0.730376 0.0140523 0.0578708 0.113536
1 0.710979 0.78231 0.0174413 0.116126 0.09444
1 0.574802 0.725234 0.00946903 0.0479011 0.092853
1 0.594195 0.734988 0.00804043 0.056368 0.088583
1 0.644408 0.755819 0.0137914 0.0737801 0.0863688
3 0.990993 0.368764 0.0161699 0.037255 0.0669314
1 0.557678 0.718346 0.00949593 0.0398948 0.0441896
1 0.580085 0.727626 0.00992861 0.053005 0.0419428
1 0.62473 0.74503 0.0155983 0.0696125 0.0238717
1 0.544796 0.715265 0.00921001 0.0361308 0.022822
1 0.618071 0.742833 0.0159741 0.0733146 0.0214191
2 0.0225462 0.783212 0.0430095 0.194115 0.018429
1 0.881215 0.838784 0.023144 0.212 0.0174211
0 0.990993 0.368764 0.0161699 0.037255 0.0108215
1 0.605141 0.731979 0.0090044 0.057253 0.0104748
1 0.608193 0.734928 0.0178173 0.0647356 0.0101337
1 0.581648 0.734535 0.00782175 0.0472846 0.00904937
1 0.155051 0.764027 0.0379464 0.115929 0.00894145
1 0.534093 0.713554 0.00693102 0.0312141 0.00865198
3 0.811343 0.826117 0.0189339 0.162147 0.0082804
3 0.879658 0.856148 0.0224913 0.191103 0.00809532
2 0.991193 0.37024 0.0174665 0.0410725 0.00726523
1 0.600158 0.732521 0.0161117 0.0577313 0.00726307
0 0.719148 0.789522 0.0151788 0.124035 0.00639636
1 0.222982 0.753174 0.0204435 0.0985167 0.00555951
0 0.691312 0.776613 0.0132004 0.100634 0.0053872
1 0.167161 0.7637 0.031229 0.112711 0.00526506
3 0.758962 0.806119 0.0157296 0.142934 0.00524727
1 0.569839 0.722292 0.0106777 0.0459398 0.00523389
1 0.216922 0.753924 0.0255315 0.0990343 0.00503879
5 0.75878 0.80679 0.017089 0.145513 0.00499089
2 0.158537 0.763839 0.0474294 0.120151 0.00498565
0 0.758254 0.807946 0.0170202 0.140073 0.00498257
3 0.719654 0.789398 0.0147746 0.124421 0.00496377
0 0.81055 0.825465 0.02012 0.162581 0.00451843
0 0.666394 0.765467 0.0111667 0.0881378 0.00447419
0 0.647074 0.75811 0.00985994 0.0773827 0.00441839
5 0.811287 0.824754 0.0192476 0.163031 0.00439527
1 0.810262 0.848008 0.017053 0.118632 0.00438527
2 0.0397641 0.784334 0.0659716 0.183087 0.00419539
2 0.877875 0.867289 0.0220409 0.162203 0.00381852
2 0.810322 0.824802 0.0193851 0.160561 0.00375213
1 0.574283 0.723288 0.0157765 0.0514092 0.00373305
5 0.878406 0.861617 0.0206013 0.176222 0.00369456
2 0.216922 0.753924 0.0255315 0.0990343 0.00358658
2 0.758393 0.806822 0.0159333 0.139124 0.0035027
4 0.81055 0.825465 0.02012 0.162581 0.00348553
1 0.14528 0.762841 0.0406376 0.121315 0.00339628
3 0.631149 0.749892 0.00957603 0.0690465 0.00324192
3 0.691489 0.776206 0.0121321 0.104737 0.00321672
0 0.877875 0.867289 0.0220409 0.162203 0.00319919
1 0.689317 0.767497 0.00988655 0.100403 0.00308488
0 0.631798 0.749439 0.00971041 0.0709342 0.00301197
2 0.691439 0.77946 0.0120889 0.0993808 0.0029602
4 0.758393 0.806822 0.0159333 0.139124 0.0029315
2 0.14466 0.763917 0.0331185 0.117636 0.00292823
1 0.666005 0.779067 0.0093092 0.0824875 0.00284317
2 0.0602276 0.784899 0.0679569 0.186501 0.0028101
4 0.877875 0.867289 0.0220409 0.162203 0.00280766
3 0.666616 0.76521 0.0114267 0.0843928 0.00280651
2 0.647074 0.75811 0.00985994 0.0773827 0.00260953
2 0.666394 0.765467 0.0111667 0.0881378 0.00234699
4 0.991193 0.37024 0.0174665 0.0410725 0.00234474
1 0.0225462 0.783212 0.0430095 0.194115 0.00223864
1 0.735317 0.799526 0.046126 0.155519 0.00208769
1 0.580429 0.727396 0.0177561 0.0565598 0.00203683
1 0.715656 0.787039 0.0310427 0.126336 0.00199914
5 0.718937 0.788627 0.0140614 0.119184 0.00199432
2 0.718994 0.788785 0.0132957 0.117322 0.00199259
1 0.272345 0.737091 0.0220265 0.0746862 0.00197895
4 0.718937 0.788627 0.0140614 0.119184 0.00192693
5 0.691194 0.776223 0.0129702 0.106646 0.00190341
1 0.18168 0.762023 0.0267191 0.110002 0.00186173
3 0.647036 0.754818 0.00994139 0.0765481 0.00183447
3 0.615811 0.742901 0.0107664 0.0639464 0.00178227
4 0.691312 0.776613 0.0132004 0.100634 0.00177755
1 0.229416 0.751046 0.0204657 0.0931218 0.0017386
5 0.122462 0.287854 0.244924 0.575707 0.00167599
4 0.666394 0.765467 0.0111667 0.0881378 0.00166741
0 0.650747 0.759406 0.016639 0.0816459 0.00166046
4 0.647074 0.75811 0.00985994 0.0773827 0.00165596
5 0.666456 0.765442 0.0127628 0.0883106 0.00160492
1 0.768858 0.813844 0.0234453 0.136897 0.00147698
2 0.136631 0.766934 0.0304499 0.126491 0.0014441
4 0.631798 0.749439 0.00971041 0.0709342 0.00142847
0 0.990566 0.361414 0.017263 0.071387 0.00138076
0 0.645314 0.756156 0.0160229 0.0771222 0.00135985
5 0.647187 0.754245 0.00927725 0.0775564 0.00135737
0 0.395702 0.468298 0.0703908 0.197806 0.00135532
1 0.99122 0.369628 0.0175591 0.0441121 0.00135235
1 0.557375 0.717322 0.016603 0.0430242 0.00134457
2 0.14394 0.768478 0.0703026 0.143108 0.00134026
2 0.631149 0.749892 0.00957603 0.0690465 0.00132443
5 0.651221 0.759242 0.0154602 0.0822249 0.00128375
2 0.18168 0.762023 0.0267191 0.110002 0.00127046
0 0.618555 0.743933 0.0112425 0.0678902 0.00126248
2 0.0803833 0.786205 0.0825615 0.17985 0.00125199
1 0.690885 0.774631 0.0214371 0.1091 0.00124502
4 0.592836 0.730781 0.00948362 0.0558195 0.00123334
5 0.631584 0.749734 0.00911093 0.0693007 0.00122565
5 0.728828 0.798194 0.0202912 0.117064 0.00121729
3 0.651221 0.759242 0.0154602 0.0822249 0.0012171
3 0.608672 0.735947 0.0130712 0.0604948 0.00118818
1 0.136631 0.766934 0.0304499 0.126491 0.0011848
2 0.155859 0.764161 0.0288934 0.108596 0.0011759
1 0.617571 0.756631 0.00676002 0.0605087 0.00109855
1 0.666371 0.752879 0.0088131 0.0903815 0.00108805
4 0.618555 0.743933 0.0112425 0.0678902 0.00108214
2 0.16688 0.764532 0.0265773 0.109026 0.0010444
2 0.119817 0.770012 0.0626021 0.163161 0.00103232
3 0.618555 0.743933 0.0112425 0.0678902 0.00101634
