3 0.270936 0.535137 0.0782556 0.384017 0.318931
1 0.300623 0.803319 0.0158747 0.115639 0.25233
1 0.949837 0.713857 0.0141684 0.0713467 0.164196
1 0.247816 0.802742 0.0173362 0.12378 0.142178
1 0.228444 0.814726 0.0145996 0.0989851 0.1121
3 0.640477 0.294871 0.0535964 0.403285 0.0744771
1 0.239223 0.811513 0.0290423 0.109637 0.0516888
1 0.274639 0.803053 0.0139233 0.110371 0.0412843
1 0.971769 0.686984 0.0146759 0.114187 0.03698
1 0.250704 0.811719 0.0160922 0.102214 0.0344571
1 0.967286 0.705274 0.0137117 0.0770789 0.0263265
1 0.954078 0.712386 0.0193655 0.0648763 0.0130443
1 0.976911 0.674895 0.0214506 0.127725 0.0101001
1 0.973351 0.640436 0.0148922 0.0701188 0.00932666
1 0.974903 0.700349 0.0151014 0.0834647 0.00882603
1 0.957931 0.7019 0.0170967 0.0982044 0.00768829
1 0.97961 0.686492 0.016679 0.101046 0.00749014
0 0.270936 0.535137 0.0782556 0.384017 0.00620403
1 0.989625 0.690889 0.0120907 0.0903902 0.00582994
1 0.659974 0.782387 0.0113507 0.099462 0.00496942
3 0.647907 0.3767 0.0743835 0.554222 0.0046876
1 0.757163 0.761903 0.0297865 0.12657 0.0046206
1 0.318497 0.803483 0.0152569 0.107989 0.00414913
1 0.297193 0.79601 0.0151814 0.109716 0.00370128
1 0.992702 0.697381 0.00939693 0.0799522 0.00367454
3 0.283064 0.542592 0.148548 0.398974 0.00345741
1 0.269316 0.531658 0.0814229 0.382233 0.00273584
0 0.949973 0.713757 0.0154118 0.0713226 0.00240088
3 0.266954 0.398504 0.0829735 0.133146 0.00238716
1 0.27738 0.794584 0.0152353 0.109985 0.00220171
1 0.324939 0.802955 0.0137295 0.100588 0.00216485
1 0.30137 0.829594 0.0149108 0.0862985 0.00206861
5 0.269206 0.531967 0.0829487 0.384401 0.00204284
1 0.667215 0.782343 0.0181443 0.101259 0.00194164
3 0.646984 0.257601 0.0801619 0.49407 0.00183268
2 0.269316 0.531658 0.0814229 0.382233 0.00175668
1 0.949573 0.705682 0.0188456 0.0970337 0.00157375
4 0.188877 0.086982 0.377754 0.173964 0.00155992
2 0.300623 0.803319 0.0158747 0.115639 0.00144974
5 0.300623 0.803319 0.0158747 0.115639 0.0014259
4 0.269316 0.531658 0.0814229 0.382233 0.00140041
1 0.234062 0.7935 0.0194026 0.142325 0.00132874
1 0.300402 0.807379 0.0267033 0.11524 0.0012155
1 0.786465 0.662968 0.0128626 0.0435961 0.00120376
1 0.251164 0.810333 0.0282757 0.111672 0.00118255
3 0.628741 0.376374 0.0754477 0.55342 0.00112172
0 0.640477 0.294871 0.0535964 0.403285 0.00111518
1 0.244639 0.783182 0.0254303 0.140578 0.00107936
5 0.247816 0.802742 0.0173362 0.12378 0.00104931
1 0.652456 0.711527 0.00884752 0.0642373 0.00103328
1 0.676443 0.784943 0.0131194 0.0969932 0.00102128
1 0.254349 0.673035 0.015451 0.0611876 0.00101799
