1 0.142313 0.80491 0.0199546 0.152295 0.8461
1 0.0177812 0.752496 0.0134555 0.085331 0.831809
1 0.0793233 0.759275 0.0116368 0.0811069 0.798872
1 0.204159 0.784462 0.0153279 0.106233 0.753217
1 0.186422 0.793159 0.0166614 0.116676 0.729382
1 0.195437 0.787939 0.0255184 0.115028 0.455955
0 0.0180149 0.752307 0.0157964 0.0864439 0.143376
1 0.265114 0.663053 0.0150488 0.117363 0.136995
1 0.189413 0.793429 0.0259242 0.125187 0.013639
0 0.0788396 0.759584 0.0137201 0.0814272 0.0104096
0 0.203597 0.784334 0.0163478 0.106519 0.0072572
0 0.1426 0.806805 0.0193202 0.150362 0.00706405
0 0.199607 0.791768 0.0182768 0.105827 0.0052667
4 0.186422 0.793159 0.0166614 0.116676 0.00512448
5 0.142028 0.804858 0.0197589 0.153262 0.00457317
0 0.187706 0.791879 0.0186215 0.118364 0.00445758
1 0.751309 0.675133 0.0125671 0.0441797 0.00421917
4 0.142313 0.80491 0.0199546 0.152295 0.00406038
2 0.142313 0.80491 0.0199546 0.152295 0.00392085
3 0.0177052 0.753627 0.0150664 0.0882735 0.00387056
3 0.142028 0.804858 0.0197589 0.153262 0.00376467
4 0.0177052 0.753627 0.0150664 0.0882735 0.00375212
2 0.186422 0.793159 0.0166614 0.116676 0.00360711
1 0.417823 0.680434 0.0100978 0.0666477 0.00353262
3 0.0793713 0.760436 0.0144755 0.0822006 0.00343689
1 0.017781 0.750789 0.0209656 0.0950043 0.00342753
2 0.0177707 0.754004 0.0159006 0.0874603 0.00327983
0 0.751186 0.670871 0.020548 0.0651016 0.00324753
5 0.186422 0.793159 0.0166614 0.116676 0.00321554
3 0.204463 0.786657 0.0146318 0.105746 0.00320655
4 0.0793713 0.760436 0.0144755 0.0822006 0.00308227
2 0.204008 0.784702 0.0157756 0.105139 0.00306905
2 0.0794135 0.759744 0.0121045 0.0780685 0.00300169
3 0.187753 0.790598 0.0170826 0.116502 0.002989
5 0.0177052 0.753627 0.0150664 0.0882735 0.00289025
1 0.744479 0.675662 0.0131951 0.0411424 0.00280688
1 0.770601 0.672026 0.0121711 0.057187 0.00276328
5 0.0788396 0.759584 0.0137201 0.0814272 0.00242636
1 0.486039 0.598602 0.00928869 0.0711132 0.00241189
5 0.195308 0.788356 0.0270897 0.117229 0.00236283
0 0.771103 0.666824 0.0135175 0.0638564 0.00231765
4 0.203597 0.784334 0.0163478 0.106519 0.00224263
1 0.773571 0.667724 0.0155145 0.0689955 0.0022054
4 0.917604 0.112096 0.164793 0.205213 0.00212387
5 0.203597 0.784334 0.0163478 0.106519 0.00206511
1 0.773852 0.665754 0.00998545 0.0598833 0.00203553
3 0.196025 0.787938 0.0251131 0.114492 0.00186719
1 0.738941 0.662288 0.0123409 0.0568431 0.00173552
2 0.199607 0.791768 0.0182768 0.105827 0.00169636
1 0.202059 0.792536 0.0249877 0.112856 0.00168065
0 0.745422 0.674586 0.0176867 0.0520738 0.0014685
4 0.199607 0.791768 0.0182768 0.105827 0.00140536
1 0.260185 0.661506 0.0173352 0.118755 0.00130073
1 0.139866 0.7642 0.0138944 0.101748 0.0012543
