1 0.135196 0.582216 0.00618658 0.0429394 0.225214
3 0.308607 0.528695 0.0431906 0.283823 0.073965
0 0.135055 0.581959 0.00807495 0.0407683 0.0271379
1 0.190589 0.588745 0.00858951 0.0559196 0.0184942
1 0.0279693 0.558946 0.00859049 0.0722129 0.0148247
3 0.31067 0.441105 0.0398984 0.10092 0.0126373
1 0.220802 0.606407 0.0368635 0.201744 0.00850883
1 0.146727 0.648609 0.037449 0.178909 0.00764609
1 0.135453 0.582636 0.0112779 0.0473821 0.00640084
3 0.952684 0.345214 0.081852 0.633166 0.00567555
1 0.962039 0.554168 0.0127726 0.105473 0.00499689
1 0.184238 0.587512 0.0109241 0.0521878 0.00416345
1 0.297588 0.630339 0.0112637 0.0905576 0.00398353
1 0.645005 0.627257 0.00892239 0.0323905 0.00369921
1 0.29695 0.639583 0.00912628 0.0635479 0.00282314
1 0.170698 0.58723 0.00921428 0.0525876 0.0026513
0 0.135009 0.58185 0.0126874 0.0466372 0.0023566
1 0.927918 0.673862 0.0260254 0.129662 0.00229652
1 0.173919 0.585137 0.00933063 0.0494802 0.0021418
0 0.220251 0.608223 0.037723 0.20584 0.00206192
1 0.223746 0.761197 0.0261341 0.137629 0.00186548
1 0.247603 0.753103 0.0267421 0.122803 0.00143929
1 0.256811 0.74831 0.0274503 0.110833 0.0013785
4 0.135196 0.582216 0.00618658 0.0429394 0.00129351
1 0.63117 0.627287 0.00849686 0.0339844 0.00123887
1 0.486992 0.607478 0.00932388 0.0556108 0.00123377
3 0.218981 0.614189 0.0517357 0.18075 0.00122318
3 0.309784 0.460811 0.0436468 0.155024 0.00119202
1 0.308607 0.528695 0.0431906 0.283823 0.00109312
0 0.534373 0.62107 0.00892668 0.0281596 0.00101644
