4 0.794319 0.682553 0.121747 0.232738 0.925322
0 0.316837 0.745022 0.019367 0.0580956 0.333001
1 0.31707 0.74802 0.0212584 0.0717419 0.0260137
0 0.794217 0.683361 0.120572 0.233779 0.0145096
3 0.794195 0.682902 0.119006 0.22863 0.0110145
2 0.794195 0.682902 0.119006 0.22863 0.00922605
1 0.570567 0.673136 0.0127541 0.0501278 0.00870217
5 0.794195 0.682902 0.119006 0.22863 0.00647695
1 0.794195 0.682902 0.119006 0.22863 0.0057256
0 0.315746 0.748217 0.0262199 0.0740487 0.00328273
1 0.215152 0.780483 0.0127556 0.0803233 0.00321764
1 0.416689 0.665297 0.00891848 0.0688338 0.00293455
1 0.3125 0.652539 0.0110076 0.0462473 0.00213942
2 0.316962 0.745189 0.0208724 0.0591746 0.00178189
1 0.309075 0.654012 0.0107193 0.0459928 0.00161166
3 0.316837 0.745022 0.019367 0.0580956 0.00152146
4 0.316837 0.745022 0.019367 0.0580956 0.00119978
5 0.316837 0.745022 0.019367 0.0580956 0.00101347
