4 0.765317 0.627034 0.129662 0.255414 0.80445
1 0.867706 0.709072 0.00774269 0.0590402 0.128476
1 0.117511 0.626667 0.00736923 0.0358287 0.0765528
1 0.867802 0.702794 0.010882 0.0663381 0.0585867
1 0.106381 0.626935 0.00820258 0.0349783 0.0470383
1 0.622027 0.575154 0.00664282 0.0276591 0.0199103
1 0.569953 0.597168 0.00649881 0.0327505 0.0106572
0 0.766355 0.628362 0.130533 0.249964 0.00758955
1 0.094292 0.625937 0.00747969 0.0334247 0.00672458
5 0.765034 0.626757 0.129518 0.25498 0.00667517
1 0.128701 0.625273 0.00675473 0.0348051 0.00663791
2 0.765622 0.629557 0.128385 0.251336 0.00591489
3 0.765622 0.629557 0.128385 0.251336 0.00572934
1 0.359307 0.581256 0.00597887 0.0228134 0.00570744
4 0.0409032 0.510339 0.0693323 0.151555 0.00545781
1 0.765622 0.629557 0.128385 0.251336 0.00531754
1 0.585725 0.59988 0.00674524 0.0295128 0.00494294
1 0.123624 0.625276 0.00782943 0.033774 0.00482386
4 0.622027 0.575154 0.00664282 0.0276591 0.00421103
1 0.109113 0.627928 0.0133571 0.035611 0.00380742
1 0.160573 0.718948 0.0151474 0.0723326 0.00368035
1 0.101548 0.6257 0.00924838 0.0369709 0.00310985
4 0.464161 0.529619 0.138153 0.361074 0.00277077
1 0.870207 0.695882 0.0125267 0.0862735 0.00175272
1 0.118026 0.626208 0.0145852 0.0410786 0.00157859
0 0.867706 0.709072 0.00774269 0.0590402 0.00155492
1 0.830178 0.704478 0.00949039 0.0868852 0.00151004
1 0.585166 0.598886 0.0102941 0.0341691 0.00150553
0 0.867802 0.702794 0.010882 0.0663381 0.00149049
1 0.52754 0.608833 0.00645065 0.0350821 0.00140914
1 0.359752 0.579742 0.00828133 0.0286761 0.001391
1 0.0878138 0.614712 0.00844536 0.0439973 0.00135911
1 0.833003 0.694026 0.0120625 0.106453 0.00135907
2 0.867706 0.709072 0.00774269 0.0590402 0.00124056
1 0.332676 0.586017 0.00670023 0.0244357 0.0011084
1 0.866003 0.694461 0.0129105 0.0857681 0.00105612
