1 0.283912 0.760786 0.012462 0.0878059 0.815387
1 0.170616 0.764199 0.01467 0.0897366 0.78289
1 0.212601 0.788846 0.0167398 0.0953834 0.75327
1 0.106241 0.740307 0.0101451 0.0647359 0.711267
1 0.304623 0.756256 0.0129119 0.0783005 0.693322
1 0.126397 0.745797 0.0109877 0.0731981 0.6569
1 0.148749 0.748967 0.0128283 0.0817456 0.618134
1 0.152544 0.745658 0.0119262 0.0776989 0.588038
1 0.246263 0.741801 0.00977588 0.0585188 0.571281
1 0.200153 0.743586 0.0090764 0.0602941 0.538736
1 0.292187 0.759184 0.0243392 0.0867757 0.502029
1 0.145816 0.750666 0.0243949 0.0767187 0.0958957
1 0.121565 0.747385 0.0180798 0.0659456 0.0350366
0 0.598924 0.688897 0.0100643 0.0346086 0.0255384
1 0.211193 0.786945 0.0234912 0.116739 0.0236247
2 0.304479 0.757964 0.014438 0.075494 0.0141097
1 0.133558 0.741248 0.0208012 0.0693921 0.0116896
1 0.16452 0.760537 0.0141989 0.0812598 0.0114191
0 0.283574 0.760183 0.0128797 0.0895106 0.00874773
1 0.199967 0.738617 0.0169517 0.0633513 0.0085568
0 0.170134 0.763688 0.0165333 0.0906838 0.00814898
0 0.246231 0.74187 0.0104677 0.0563494 0.00728325
0 0.304968 0.75839 0.0144357 0.0787313 0.00714633
1 0.247054 0.764231 0.0115405 0.0983565 0.00649612
1 0.170059 0.762555 0.0253681 0.0999547 0.00628468
0 0.212554 0.788831 0.017245 0.0984304 0.00595415
3 0.21276 0.790267 0.0163495 0.0959778 0.00527007
1 0.146444 0.757021 0.0145962 0.0800364 0.0052401
0 0.10612 0.7403 0.0107134 0.0618354 0.00444091
0 0.292672 0.759516 0.0266642 0.088864 0.00444063
1 0.280927 0.759129 0.0123389 0.0893526 0.00416678
2 0.212249 0.791916 0.0176276 0.0926327 0.00412712
1 0.638166 0.681899 0.00667562 0.0338909 0.00401409
1 0.202898 0.770706 0.0136931 0.0870475 0.00395782
4 0.171162 0.762405 0.0163904 0.0885181 0.00395674
1 0.598924 0.688897 0.0100643 0.0346086 0.00375901
2 0.283673 0.760555 0.0125299 0.0870405 0.00374904
0 0.148789 0.748961 0.0130162 0.0799674 0.00371802
0 0.152287 0.745865 0.0123364 0.0756849 0.00363145
1 0.168062 0.753194 0.013813 0.100773 0.00360786
3 0.17123 0.764254 0.0137699 0.0886573 0.00358934
4 0.283793 0.760594 0.0140857 0.088932 0.0035773
4 0.211977 0.790091 0.0178199 0.0992159 0.00347217
5 0.212509 0.790781 0.0164356 0.0960951 0.00344871
3 0.283574 0.760183 0.0128797 0.0895106 0.00336817
0 0.200124 0.745141 0.0102281 0.0584561 0.00335986
2 0.170616 0.764199 0.01467 0.0897366 0.00325429
1 0.248231 0.769867 0.0173593 0.10603 0.00314797
0 0.599405 0.687573 0.0147964 0.039416 0.00311564
5 0.283793 0.760594 0.0140857 0.088932 0.00310667
0 0.125901 0.746695 0.0112041 0.073426 0.00291262
3 0.152287 0.745865 0.0123364 0.0756849 0.00282852
3 0.304485 0.75621 0.0131929 0.076521 0.00278173
2 0.246231 0.74187 0.0104677 0.0563494 0.00274002
1 0.283142 0.763051 0.0217804 0.0954912 0.00271242
2 0.10612 0.7403 0.0107134 0.0618354 0.00267097
4 0.246231 0.74187 0.0104677 0.0563494 0.0026429
2 0.292187 0.759184 0.0243392 0.0867757 0.00263757
5 0.170225 0.764225 0.0159842 0.0914003 0.00249269
3 0.126169 0.745699 0.0113751 0.0713031 0.00235737
4 0.305239 0.758338 0.0152955 0.0770677 0.00232705
3 0.106125 0.740499 0.0108067 0.0633211 0.00232444
5 0.304623 0.756256 0.0129119 0.0783005 0.00228922
3 0.148749 0.748967 0.0128283 0.0817456 0.00226673
1 0.639674 0.683481 0.00717249 0.0346173 0.00209478
5 0.246231 0.74187 0.0104677 0.0563494 0.00202172
4 0.199808 0.743117 0.00962234 0.0583708 0.00199902
2 0.126169 0.745699 0.0113751 0.0713031 0.00193708
4 0.10612 0.7403 0.0107134 0.0618354 0.00193432
2 0.152287 0.745865 0.0123364 0.0756849 0.00190749
3 0.292981 0.758859 0.0234981 0.0874981 0.00189221
5 0.292672 0.759516 0.0266642 0.088864 0.0018704
5 0.14961 0.745247 0.0127054 0.0784563 0.0018526
2 0.200167 0.743547 0.00961514 0.0587265 0.00179638
5 0.199694 0.742672 0.0102144 0.0579586 0.00175588
1 0.125867 0.756443 0.0144311 0.0685499 0.00171702
0 0.145816 0.750666 0.0243949 0.0767187 0.00169741
5 0.126169 0.745699 0.0113751 0.0713031 0.00168505
3 0.200167 0.743547 0.00961514 0.0587265 0.00163316
4 0.14961 0.745247 0.0127054 0.0784563 0.00161419
2 0.148789 0.748961 0.0130162 0.0799674 0.00159377
5 0.106125 0.740499 0.0108067 0.0633211 0.00158247
3 0.246059 0.741694 0.0107208 0.0568944 0.00155082
1 0.295286 0.751044 0.0117488 0.0814753 0.00154066
4 0.125918 0.746461 0.0103925 0.0729679 0.00142916
1 0.171423 0.779471 0.0121306 0.0749066 0.0014008
1 0.304559 0.758329 0.0246263 0.0838247 0.00112157
4 0.292187 0.759184 0.0243392 0.0867757 0.00106421
