1 0.936785 0.857356 0.0336275 0.206015 0.93846
1 0.858191 0.840831 0.0217466 0.179208 0.859557
1 0.668916 0.763719 0.00937119 0.0801487 0.853812
1 0.753828 0.798814 0.0125373 0.122388 0.852124
1 0.691001 0.771799 0.0113091 0.0929699 0.839037
1 0.719839 0.783917 0.0136443 0.10888 0.81064
1 0.799856 0.819972 0.0162886 0.143637 0.746366
1 0.649267 0.756459 0.00870218 0.0766929 0.739966
1 0.634231 0.748707 0.00871572 0.0680235 0.594041
1 0.621338 0.743258 0.00864449 0.0649899 0.490236
1 0.610085 0.740547 0.00818672 0.0596105 0.472405
1 0.65342 0.759094 0.0107512 0.0772875 0.282644
1 0.307838 0.71774 0.0175397 0.0613403 0.183442
2 0.307838 0.71774 0.0175397 0.0613403 0.128293
1 0.571103 0.723306 0.0107546 0.0441438 0.125425
1 0.55757 0.716428 0.00918312 0.0430559 0.124491
1 0.332772 0.717 0.0121263 0.0574258 0.120684
1 0.579614 0.726809 0.00798187 0.0474865 0.117347
1 0.594252 0.736223 0.00689964 0.0425819 0.105612
1 0.736247 0.796054 0.0204703 0.11484 0.102254
1 0.58231 0.727931 0.0121026 0.0477302 0.0981333
4 0.866478 0.345564 0.145191 0.357814 0.0971245
1 0.31664 0.717785 0.0191738 0.060327 0.0773443
2 0.31664 0.717785 0.0191738 0.060327 0.0754751
1 0.64763 0.755712 0.0151748 0.0750517 0.0740574
1 0.657166 0.760686 0.0178281 0.0793911 0.0720076
1 0.686252 0.766301 0.0123605 0.0901306 0.0634897
1 0.312019 0.722026 0.0217032 0.0583925 0.0571581
1 0.671417 0.763409 0.0156822 0.0807827 0.0538507
1 0.716042 0.778664 0.0147528 0.1028 0.0512667
1 0.590195 0.732592 0.01057 0.0504661 0.0406625
1 0.546844 0.713379 0.00778217 0.0376982 0.0374296
1 0.339157 0.715811 0.0156104 0.0536353 0.0321531
1 0.936853 0.863154 0.0295364 0.132996 0.0317588
1 0.627287 0.747486 0.0143725 0.0671287 0.0300226
1 0.620558 0.742676 0.0134672 0.0697162 0.0236813
1 0.304396 0.716406 0.0107628 0.0600689 0.0227535
2 0.332772 0.717 0.0121263 0.0574258 0.0222235
1 0.343236 0.71593 0.0118946 0.0561354 0.0220417
5 0.866478 0.345564 0.145191 0.357814 0.0214114
1 0.329165 0.720028 0.0196582 0.0565557 0.0199339
3 0.93617 0.857585 0.0328514 0.203735 0.0182104
2 0.312019 0.722026 0.0217032 0.0583925 0.0178269
1 0.551704 0.716479 0.0109235 0.0366211 0.016391
1 0.558083 0.717553 0.0155552 0.0412882 0.0157415
1 0.261764 0.739448 0.0333534 0.113644 0.015353
0 0.258515 0.740968 0.03871 0.112151 0.0127304
1 0.734599 0.961431 0.00655222 0.0290259 0.012012
2 0.935994 0.858582 0.0322319 0.205421 0.0119606
3 0.871234 0.348496 0.153432 0.38121 0.01015
4 0.936244 0.858654 0.032011 0.208396 0.00886858
0 0.936261 0.856369 0.0320448 0.207971 0.00862601
3 0.800419 0.8178 0.0153923 0.151865 0.00765392
1 0.615675 0.739872 0.0136351 0.0591599 0.00761214
5 0.935994 0.858582 0.0322319 0.205421 0.00695652
1 0.582506 0.734815 0.0076685 0.0376856 0.00675027
1 0.571245 0.721427 0.0173409 0.0469627 0.0063976
0 0.858519 0.83814 0.0229155 0.182214 0.00637304
3 0.858191 0.840831 0.0217466 0.179208 0.00636523
2 0.858086 0.837403 0.0228718 0.174695 0.00545007
4 0.857846 0.837712 0.0236925 0.177314 0.0054366
1 0.349145 0.712862 0.0108771 0.0475181 0.00508628
5 0.858702 0.841586 0.0217878 0.176638 0.00503556
3 0.719839 0.783917 0.0136443 0.10888 0.00484611
0 0.719207 0.784033 0.0144359 0.109131 0.00484332
2 0.329165 0.720028 0.0196582 0.0565557 0.00451113
1 0.799342 0.843828 0.0141893 0.107746 0.00431562
5 0.799819 0.819807 0.015818 0.144622 0.00427386
1 0.352081 0.714239 0.0103884 0.0509367 0.00409035
0 0.691406 0.772128 0.0127084 0.0942795 0.00394385
0 0.264983 0.731232 0.027401 0.109109 0.00392379
3 0.75385 0.8025 0.0136909 0.130224 0.00381891
1 0.744828 0.961265 0.00901976 0.0287738 0.00369348
0 0.753687 0.800812 0.0138883 0.125267 0.0035757
1 0.716198 0.961697 0.00766506 0.0293732 0.00339015
0 0.668565 0.763517 0.00965385 0.0781864 0.00330758
2 0.344329 0.716085 0.0152063 0.0551015 0.00319188
1 0.111134 0.801423 0.0185166 0.129864 0.00318791
2 0.719601 0.784874 0.0132063 0.104388 0.00316667
0 0.798635 0.820219 0.0153872 0.144648 0.00305095
3 0.690818 0.771962 0.0112592 0.0918796 0.00302339
1 0.270216 0.723312 0.0162102 0.0911882 0.00292292
1 0.866478 0.345564 0.145191 0.357814 0.00283674
2 0.800097 0.819806 0.0160679 0.143474 0.00283467
2 0.754102 0.803294 0.0127487 0.117688 0.00280801
2 0.866478 0.345564 0.145191 0.357814 0.00273421
0 0.866478 0.345564 0.145191 0.357814 0.00270613
3 0.668565 0.763517 0.00965385 0.0781864 0.0027022
4 0.799819 0.819807 0.015818 0.144622 0.00266638
1 0.0713077 0.80673 0.0230105 0.120458 0.0026611
3 0.633375 0.74883 0.00864439 0.0674437 0.00262561
2 0.257522 0.744191 0.0356461 0.105053 0.0025956
0 0.649115 0.757601 0.00914135 0.0715332 0.00255171
1 0.589994 0.731064 0.0180198 0.0514284 0.00254097
1 0.608093 0.731783 0.00772905 0.0588411 0.00230917
1 0.0811799 0.806381 0.0260581 0.12398 0.00229596
5 0.753687 0.800812 0.0138883 0.125267 0.00227918
2 0.668615 0.762883 0.00972166 0.0813082 0.00226422
2 0.339157 0.715811 0.0156104 0.0536353 0.00225238
5 0.719207 0.784033 0.0144359 0.109131 0.00221355
4 0.719372 0.785053 0.0139362 0.106485 0.00216111
3 0.620471 0.742803 0.00914688 0.0647527 0.00213357
2 0.690896 0.77093 0.01097 0.093305 0.00209009
2 0.649115 0.757601 0.00914135 0.0715332 0.00205821
2 0.304396 0.716406 0.0107628 0.0600689 0.00199853
1 0.593899 0.73583 0.0130585 0.0448247 0.00199577
1 0.633205 0.756525 0.0132342 0.0721731 0.00187585
5 0.690818 0.771962 0.0112592 0.0918796 0.00187573
0 0.634051 0.749109 0.00973225 0.0677148 0.00184482
4 0.668615 0.762883 0.00972166 0.0813082 0.00182594
0 0.645338 0.754571 0.0139569 0.0718557 0.0017955
1 0.60789 0.736611 0.0159949 0.0547689 0.00178704
1 0.301583 0.719244 0.012852 0.0643448 0.00173499
3 0.649225 0.757151 0.00956154 0.0773797 0.0017143
0 0.610185 0.740643 0.00900021 0.0565458 0.00165956
1 0.292486 0.72638 0.03146 0.0761807 0.00165138
4 0.69145 0.772743 0.012984 0.0952055 0.00162263
4 0.754092 0.801001 0.0132333 0.124102 0.00162077
2 0.264329 0.733241 0.0296141 0.114572 0.00154481
2 0.546844 0.713379 0.00778217 0.0376982 0.00146131
3 0.610185 0.740643 0.00900021 0.0565458 0.0013931
1 0.349602 0.713472 0.0186541 0.0513073 0.00139274
4 0.312019 0.722026 0.0217032 0.0583925 0.00138752
5 0.668916 0.763719 0.00937119 0.0801487 0.00136491
0 0.657166 0.760686 0.0178281 0.0793911 0.00135625
2 0.634051 0.749109 0.00973225 0.0677148 0.00134611
5 0.647907 0.752589 0.0101101 0.0713913 0.00132094
4 0.634051 0.749109 0.00973225 0.0677148 0.00131277
1 0.30554 0.709318 0.015718 0.0651048 0.00130923
0 0.621208 0.743453 0.00984821 0.0643402 0.00127313
5 0.634231 0.748707 0.00871572 0.0680235 0.00124995
4 0.621208 0.743453 0.00984821 0.0643402 0.00124157
1 0.753788 0.801888 0.0227288 0.140506 0.00124124
4 0.648653 0.754071 0.00937882 0.0731756 0.00123301
4 0.610185 0.740643 0.00900021 0.0565458 0.00122805
4 0.307951 0.717561 0.0188585 0.0588233 0.00115062
2 0.621208 0.743453 0.00984821 0.0643402 0.00114648
1 0.71803 0.783052 0.025233 0.115613 0.00112026
2 0.55757 0.716428 0.00918312 0.0430559 0.00110823
1 0.368329 0.706086 0.0107039 0.0438 0.00109292
5 0.307951 0.717561 0.0188585 0.0588233 0.00108467
1 0.261776 0.724097 0.0186896 0.0913259 0.00104741
3 0.307838 0.71774 0.0175397 0.0613403 0.00102977
1 0.558046 0.713989 0.0261075 0.0438407 0.00101925
