4 0.712897 0.610232 0.0946278 0.193408 0.815569
1 0.118722 0.751097 0.016436 0.126924 0.799655
1 0.563797 0.594 0.00657434 0.0290861 0.0293346
1 0.789918 0.66786 0.0106457 0.0732554 0.0238092
1 0.790044 0.673197 0.00833435 0.0548788 0.0117079
0 0.71275 0.610116 0.0955731 0.193066 0.0115302
4 0.707649 0.599222 0.160216 0.229617 0.0108678
2 0.71275 0.610116 0.0955731 0.193066 0.00791666
1 0.71275 0.610116 0.0955731 0.193066 0.00709675
3 0.71275 0.610116 0.0955731 0.193066 0.00660428
5 0.71275 0.610116 0.0955731 0.193066 0.00596525
0 0.118622 0.754561 0.0161284 0.131269 0.00510362
2 0.11819 0.755353 0.0164437 0.134488 0.00480614
3 0.119098 0.750937 0.0166093 0.126643 0.00426192
4 0.11819 0.755353 0.0164437 0.134488 0.00419078
5 0.11819 0.755353 0.0164437 0.134488 0.00418551
4 0.46221 0.514544 0.140236 0.412374 0.00389096
1 0.144188 0.626242 0.00745127 0.034074 0.00354282
4 0.681054 0.589737 0.0323598 0.135889 0.00254641
1 0.97278 0.554787 0.00888844 0.0769276 0.00217148
1 0.147031 0.623302 0.00663538 0.0287729 0.00202393
1 0.250071 0.643393 0.00976739 0.062446 0.00181643
1 0.331336 0.589893 0.00862827 0.0237002 0.00160564
1 0.333969 0.590426 0.0065196 0.0263251 0.00159231
1 0.788922 0.66574 0.0176077 0.0711995 0.0014714
1 0.284866 0.645263 0.00814381 0.0554995 0.00136771
