3 0.208923 0.646884 0.0508797 0.213289 0.801388
3 0.607733 0.426815 0.062342 0.503817 0.481995
3 0.278518 0.725899 0.0513338 0.144507 0.104285
1 0.210332 0.647803 0.0462455 0.205018 0.0599272
3 0.607175 0.260083 0.0630834 0.160847 0.0392288
1 0.60919 0.687817 0.0110249 0.0949304 0.0171432
1 0.681035 0.688469 0.00690508 0.0365814 0.0154862
0 0.208847 0.649397 0.0512449 0.216049 0.0137406
1 0.61005 0.687841 0.00684891 0.0895966 0.0108575
1 0.606238 0.672321 0.00856304 0.0957972 0.00905488
1 0.602657 0.702297 0.014426 0.10441 0.00861521
4 0.208847 0.649397 0.0512449 0.216049 0.00708611
0 0.278518 0.725899 0.0513338 0.144507 0.00680402
1 0.691344 0.69054 0.010907 0.0335649 0.00664856
0 0.607665 0.430822 0.0607952 0.512253 0.00606801
3 0.605841 0.424598 0.162838 0.535797 0.0055996
2 0.209031 0.646323 0.0513731 0.215193 0.00497897
1 0.602417 0.668489 0.0123804 0.12196 0.00456121
5 0.209031 0.646323 0.0513731 0.215193 0.00424899
3 0.211264 0.651974 0.0414743 0.132692 0.00390283
1 0.279593 0.72712 0.0524649 0.144794 0.0036626
3 0.206548 0.655473 0.203001 0.308732 0.00356571
1 0.639625 0.712511 0.00970411 0.0991613 0.00344084
1 0.67197 0.688595 0.0101399 0.037828 0.00315734
1 0.607733 0.426815 0.062342 0.503817 0.00268637
3 0.6198 0.477164 0.090661 0.693888 0.0024892
1 0.665072 0.687719 0.00672417 0.042347 0.00227255
1 0.108684 0.713482 0.0212101 0.0767437 0.00211014
1 0.0976851 0.724113 0.0277699 0.057525 0.00181554
1 0.220615 0.695922 0.0170032 0.142284 0.00176639
1 0.666993 0.692902 0.00744095 0.0403395 0.00160815
4 0.607665 0.430822 0.0607952 0.512253 0.00160515
1 0.638802 0.730212 0.0155874 0.116242 0.00154238
5 0.607665 0.430822 0.0607952 0.512253 0.00145131
3 0.59005 0.510157 0.10353 0.613991 0.00137803
2 0.607665 0.430822 0.0607952 0.512253 0.001367
1 0.703007 0.68587 0.00777531 0.0383044 0.00136343
1 0.600661 0.694029 0.0175004 0.137212 0.00135275
1 0.131677 0.736919 0.0230899 0.0429808 0.00125009
3 0.597385 0.548658 0.0680462 0.766173 0.00119039
1 0.638858 0.688657 0.00698042 0.0606823 0.00110173
1 0.22083 0.700892 0.0124224 0.0939265 0.00109352
3 0.216819 0.599084 0.0650582 0.257781 0.00108997
1 0.142443 0.737901 0.0176448 0.0403731 0.00105938
1 0.631529 0.685523 0.00863504 0.0474971 0.00101334
