4 0.737951 0.490607 0.156892 0.304161 0.0414154
1 0.0825921 0.627601 0.00620785 0.0507537 0.0365311
0 0.82591 0.563769 0.00714321 0.0247356 0.00474826
1 0.826436 0.56415 0.00689049 0.0246836 0.0041677
1 0.958923 0.58104 0.00598125 0.0401586 0.00352043
1 0.0795411 0.622992 0.00923898 0.0558229 0.00188267
1 0.958042 0.581569 0.00851936 0.0279534 0.00187496
1 0.835997 0.794499 0.00962315 0.080417 0.00149573
1 0.690141 0.686835 0.0297032 0.0769804 0.00146868
4 0.82591 0.563769 0.00714321 0.0247356 0.00131466
4 0.690141 0.686835 0.0297032 0.0769804 0.00110321
4 0.899522 0.698989 0.129282 0.329356 0.00110163
1 0.082171 0.61526 0.00639904 0.06268 0.00107313
