4 0.772258 0.674624 0.0919813 0.180608 0.904291
0 0.393392 0.742639 0.0186499 0.0512027 0.753014
1 0.393532 0.742119 0.0183653 0.053241 0.0175975
3 0.773864 0.673732 0.0865176 0.178182 0.0146854
4 0.763643 0.666588 0.157129 0.220884 0.0123168
0 0.773413 0.675622 0.089532 0.179385 0.0103559
2 0.772702 0.674883 0.0851786 0.180968 0.00789826
5 0.772699 0.674169 0.0886953 0.179544 0.00755901
1 0.772699 0.674169 0.0886953 0.179544 0.00715397
1 0.473375 0.685104 0.00838175 0.0674242 0.00309555
4 0.774605 0.682574 0.057733 0.127144 0.0029181
2 0.393579 0.742792 0.0190478 0.0523499 0.00211171
4 0.393392 0.742639 0.0186499 0.0512027 0.00198851
0 0.394295 0.739917 0.0241729 0.0693517 0.00194846
3 0.393392 0.742639 0.0186499 0.0512027 0.00174325
5 0.393417 0.742955 0.0179637 0.0528185 0.00166897
1 0.474297 0.672755 0.0084753 0.0637118 0.00107625
