0 0.782436 0.647669 0.0176807 0.0682516 0.377351
4 0.789523 0.603604 0.0675943 0.135362 0.299011
1 0.934807 0.710178 0.0108389 0.0925442 0.115765
0 0.783787 0.635464 0.0233088 0.0797933 0.0971523
1 0.229081 0.636592 0.00586424 0.0394054 0.050949
1 0.782661 0.645768 0.0230865 0.0757801 0.0279088
1 0.894753 0.636884 0.0138222 0.0971836 0.0216478
4 0.782661 0.645768 0.0230865 0.0757801 0.0208703
1 0.976786 0.631854 0.00656319 0.0495995 0.0181686
4 0.590213 0.522023 0.122956 0.226975 0.0110947
1 0.93907 0.622308 0.0134764 0.0951479 0.0107455
0 0.78966 0.605549 0.0658581 0.142855 0.00773712
1 0.937003 0.704625 0.00888271 0.080737 0.00714772
1 0.352385 0.587345 0.00801115 0.0354163 0.0049649
4 0.784473 0.625658 0.0498725 0.121632 0.00450013
1 0.780612 0.648251 0.0143134 0.0715664 0.00443444
0 0.708862 0.573107 0.00622644 0.0250674 0.00400227
1 0.789217 0.602255 0.0702761 0.137634 0.00376492
0 0.785079 0.625161 0.0499052 0.124467 0.00376124
1 0.942823 0.617981 0.0104954 0.0960907 0.00357661
1 0.935286 0.632279 0.0124674 0.0961986 0.00349666
5 0.788088 0.61582 0.0643564 0.139413 0.00300339
3 0.788088 0.61582 0.0643564 0.139413 0.00234357
1 0.708862 0.573107 0.00622644 0.0250674 0.00220981
2 0.229364 0.639328 0.00659471 0.0327803 0.00201856
1 0.740721 0.612206 0.00702686 0.054676 0.00193908
1 0.937269 0.647545 0.0132744 0.0907366 0.0019219
1 0.996893 0.615708 0.00566502 0.0384432 0.00183544
2 0.788088 0.61582 0.0643564 0.139413 0.00172882
1 0.878053 0.761477 0.00862865 0.0375258 0.0013993
1 0.784473 0.625658 0.0498725 0.121632 0.00139472
0 0.782591 0.645347 0.0315835 0.0777064 0.00135851
1 0.900077 0.636615 0.0162357 0.105233 0.00131558
2 0.782567 0.647451 0.0174097 0.0688734 0.00114763
1 0.229624 0.635215 0.0115712 0.0456001 0.0011108
1 0.988144 0.529354 0.00730286 0.0331723 0.00101005
