3 0.03094 0.526661 0.0504866 0.255649 0.2939
3 0.292847 0.272768 0.0548977 0.103799 0.0050704
3 0.379827 0.704647 0.0491044 0.147925 0.00345766
3 0.134814 0.624659 0.0228042 0.147062 0.00315841
1 0.325097 0.724159 0.015828 0.128095 0.00295284
3 0.744995 0.404119 0.130639 0.283057 0.00282394
0 0.0309326 0.523731 0.0493416 0.260537 0.00219931
1 0.224491 0.771849 0.0229599 0.0945479 0.00218084
1 0.0305852 0.523399 0.0496543 0.257446 0.00208971
4 0.377179 0.713323 0.0493626 0.124793 0.00176471
4 0.174482 0.152268 0.334612 0.276831 0.0017563
4 0.792426 0.625053 0.0678293 0.141025 0.00159173
3 0.29805 0.258394 0.0635412 0.147884 0.00135391
3 0.222166 0.772096 0.0313216 0.101748 0.00131102
3 0.795261 0.619443 0.0695439 0.195828 0.00109862
4 0.795825 0.137538 0.0732021 0.157382 0.00107898
2 0.0305852 0.523399 0.0496543 0.257446 0.00100574
