3 0.988931 0.329278 0.0199032 0.0298476 0.265742
1 0.118789 0.580486 0.00889952 0.0436842 0.249541
3 0.283058 0.506981 0.0468932 0.287713 0.0423732
0 0.988341 0.329321 0.0193336 0.0271841 0.0405244
1 0.119703 0.580065 0.0129005 0.0514151 0.0187251
0 0.988363 0.330409 0.0232748 0.0428931 0.0107318
3 0.988283 0.337038 0.0209 0.0473097 0.0101
0 0.11853 0.58058 0.0103408 0.0462503 0.00528377
4 0.988474 0.330805 0.0201864 0.0317313 0.00475896
1 0.988931 0.329278 0.0199032 0.0298476 0.00398971
1 0.272462 0.642841 0.0120123 0.0890776 0.00375737
2 0.988474 0.330805 0.0201864 0.0317313 0.00374893
1 0.709754 0.631471 0.0109452 0.0453615 0.00370043
3 0.284761 0.417288 0.0457767 0.130952 0.00361443
2 0.118789 0.580486 0.00889952 0.0436842 0.00337387
1 0.720947 0.542942 0.014359 0.12334 0.00325073
1 0.287497 0.728407 0.0200189 0.0741253 0.00301512
1 0.682437 0.62947 0.0102223 0.0395552 0.00251193
4 0.477786 0.115944 0.784701 0.215133 0.00221116
1 0.690225 0.629903 0.0116655 0.0405729 0.00209227
1 0.86071 0.612799 0.0129908 0.0425922 0.00192193
4 0.118789 0.580486 0.00889952 0.0436842 0.00171541
5 0.988931 0.329278 0.0199032 0.0298476 0.00145683
1 0.864315 0.612794 0.0113457 0.0430756 0.00140481
3 0.11853 0.58058 0.0103408 0.0462503 0.00133831
3 0.282311 0.375708 0.0525519 0.18495 0.00120247
1 0.529519 0.620119 0.00851717 0.0321555 0.00114371
4 0.978178 0.179364 0.0436435 0.349196 0.00105634
1 0.180406 0.586604 0.00889111 0.0494434 0.00104181
1 0.307134 0.590404 0.0071455 0.0317939 0.00103148
1 0.29488 0.727345 0.0145857 0.0682775 0.00101593
