4 0.81243 0.660178 0.0620422 0.152746 0.887175
3 0.812437 0.659277 0.0613358 0.15008 0.0101377
0 0.812201 0.658916 0.0611458 0.150993 0.00939006
1 0.682978 0.707046 0.0232028 0.0896478 0.0078774
2 0.812132 0.660387 0.0618189 0.150321 0.00759885
4 0.808113 0.652829 0.190399 0.238862 0.00739025
1 0.812132 0.660387 0.0618189 0.150321 0.00714929
3 0.925166 0.597676 0.0460148 0.514882 0.00611546
5 0.812132 0.660387 0.0618189 0.150321 0.00541807
3 0.924513 0.562398 0.0575649 0.693616 0.0026575
3 0.929906 0.647457 0.0354527 0.39672 0.00226261
3 0.916386 0.490005 0.0876795 0.961718 0.00136933
