3 0.20038 0.653829 0.0607863 0.498763 0.842854
1 0.681967 0.723993 0.0133848 0.0755837 0.290908
0 0.706424 0.864769 0.0734751 0.169245 0.245372
0 0.737881 0.727112 0.0233936 0.0697968 0.0758438
3 0.596921 0.731777 0.0774108 0.233841 0.0598723
1 0.707086 0.684583 0.0209092 0.155342 0.0414667
0 0.602562 0.734264 0.067833 0.221306 0.0326249
1 0.704954 0.716536 0.0123923 0.0782118 0.0207557
0 0.27046 0.841755 0.0374317 0.136464 0.0196183
4 0.536749 0.108688 0.854124 0.217376 0.0193121
1 0.600776 0.729825 0.062608 0.232557 0.0160554
1 0.697985 0.715553 0.0145891 0.086383 0.0139239
3 0.224908 0.351235 0.0459348 0.14696 0.0132309
1 0.276401 0.844821 0.0252467 0.13242 0.0116782
3 0.714981 0.628814 0.0835307 0.251775 0.00980691
0 0.582023 0.732272 0.102059 0.238135 0.00837054
0 0.260725 0.834353 0.0562174 0.134635 0.00821151
1 0.708109 0.707449 0.0157141 0.0949297 0.00800862
3 0.213374 0.578024 0.0764913 0.590207 0.00752867
3 0.203947 0.653316 0.16111 0.532109 0.00741836
2 0.706447 0.863889 0.0738522 0.173028 0.00685829
3 0.705993 0.660529 0.0531298 0.208452 0.00646608
1 0.738125 0.725543 0.0237917 0.0743659 0.00611272
3 0.682143 0.724811 0.0156674 0.0773178 0.00586773
3 0.263059 0.839148 0.0523812 0.138595 0.00563891
0 0.202606 0.653287 0.0600741 0.50109 0.00524229
3 0.70757 0.864166 0.0766475 0.177022 0.00498914
0 0.542589 0.737427 0.0801191 0.218465 0.00476808
1 0.712659 0.720734 0.022425 0.0774606 0.00460979
3 0.542589 0.737427 0.0801191 0.218465 0.00446602
1 0.70757 0.864166 0.0766475 0.177022 0.00333111
1 0.202606 0.653287 0.0600741 0.50109 0.00327842
3 0.716304 0.569608 0.086952 0.184946 0.00311515
3 0.205099 0.717839 0.0399835 0.369921 0.0030532
1 0.555736 0.731775 0.0463689 0.221179 0.002988
5 0.200721 0.65496 0.0581489 0.501838 0.00278087
4 0.202242 0.652289 0.055749 0.4878 0.00256754
4 0.368287 0.104186 0.616413 0.208372 0.00244352
2 0.200721 0.65496 0.0581489 0.501838 0.00243895
3 0.197656 0.646325 0.0368456 0.282285 0.00239247
1 0.707312 0.669851 0.0351557 0.185759 0.0023418
3 0.538242 0.112328 0.906543 0.224656 0.00217116
3 0.957905 0.416703 0.0823147 0.296577 0.00215996
3 0.562624 0.738057 0.0760146 0.208564 0.00215245
4 0.396298 0.136801 0.766902 0.273603 0.00193992
3 0.684789 0.642781 0.10711 0.225022 0.00180397
4 0.70757 0.864166 0.0766475 0.177022 0.00179217
3 0.593561 0.734414 0.180677 0.269906 0.00174612
0 0.682143 0.724811 0.0156674 0.0773178 0.00174435
5 0.706957 0.863455 0.075435 0.17166 0.00168254
3 0.196907 0.560829 0.0592917 0.312497 0.00167493
0 0.248123 0.839907 0.039993 0.134791 0.00163404
3 0.707312 0.669851 0.0351557 0.185759 0.00161682
1 0.259164 0.838234 0.0453054 0.131522 0.0016079
1 0.705993 0.660529 0.0531298 0.208452 0.00152156
3 0.707086 0.684583 0.0209092 0.155342 0.00145358
3 0.225624 0.400193 0.0510178 0.234696 0.00139685
2 0.681909 0.724075 0.0143087 0.0751782 0.00131067
1 0.562624 0.738057 0.0760146 0.208564 0.00128373
0 0.712195 0.665136 0.0650322 0.201206 0.00127465
1 0.552981 0.763696 0.0384119 0.16601 0.00127271
3 0.224741 0.326014 0.040526 0.0922334 0.00122783
3 0.749774 0.683849 0.0492469 0.123 0.00120002
3 0.738125 0.725543 0.0237917 0.0743659 0.00113136
4 0.681578 0.724317 0.014019 0.074953 0.00110427
3 0.560051 0.705431 0.118354 0.199731 0.00108268
0 0.560051 0.705431 0.118354 0.199731 0.00103696
