1 0.650861 0.776193 0.0172352 0.10812 0.580294
3 0.789317 0.478816 0.169106 0.950153 0.230731
1 0.656047 0.772801 0.0190504 0.0984602 0.2067
0 0.65278 0.773391 0.0193963 0.101995 0.176628
3 0.362406 0.690596 0.059585 0.296016 0.165297
0 0.199857 0.920449 0.0493863 0.158152 0.105821
3 0.951483 0.689908 0.0922077 0.570203 0.089731
0 0.163269 0.927337 0.0493317 0.145327 0.0605258
0 0.185801 0.922892 0.0587473 0.154215 0.0456646
3 0.836988 0.514557 0.0461248 0.187516 0.0455289
2 0.198038 0.921139 0.0529781 0.157256 0.0425529
2 0.112821 0.776716 0.0821695 0.151953 0.027792
3 0.941987 0.524157 0.0731335 0.23546 0.0267463
3 0.285533 0.280827 0.0603326 0.15623 0.0222601
3 0.837876 0.507243 0.0645555 0.249409 0.0219406
1 0.664361 0.765125 0.0174105 0.107927 0.0146245
2 0.162987 0.92532 0.0502955 0.14936 0.0126374
3 0.811824 0.52114 0.134712 0.755853 0.00842322
3 0.837753 0.512679 0.0369038 0.138964 0.00837441
3 0.735407 0.476365 0.203331 0.925437 0.00625309
3 0.840748 0.5692 0.0299156 0.17651 0.0056126
3 0.768595 0.401918 0.137134 0.671876 0.0053835
0 0.658834 0.769917 0.0155034 0.0963372 0.00508812
3 0.837351 0.58081 0.0370197 0.263496 0.00485291
0 0.951976 0.701742 0.0960476 0.596515 0.00450908
1 0.63992 0.623775 0.00742712 0.0431597 0.00431028
3 0.650861 0.776193 0.0172352 0.10812 0.00423408
3 0.949799 0.554033 0.0945677 0.323869 0.00400272
1 0.652525 0.621492 0.0089035 0.0468067 0.00392846
1 0.360609 0.695257 0.0657623 0.272474 0.00380307
1 0.200462 0.920521 0.048472 0.157451 0.00376754
0 0.362148 0.694996 0.0583011 0.286603 0.00362332
0 0.648012 0.779869 0.0147656 0.104985 0.00338724
1 0.204053 0.714528 0.00665379 0.022543 0.00280558
3 0.282556 0.351236 0.0693734 0.299443 0.00273391
0 0.664361 0.765125 0.0174105 0.107927 0.00239434
2 0.185497 0.918872 0.0707676 0.162256 0.00237374
0 0.204053 0.714528 0.00665379 0.022543 0.00234658
3 0.827187 0.500153 0.0614161 0.376628 0.00213703
3 0.833906 0.454844 0.217082 0.712626 0.00213093
3 0.290315 0.247951 0.0581389 0.0888962 0.00206147
3 0.929494 0.705664 0.141013 0.570124 0.00199994
3 0.258522 0.463847 0.0804356 0.224462 0.0019985
3 0.831691 0.656707 0.0828466 0.518567 0.00195977
0 0.942393 0.518308 0.0763603 0.224347 0.00185022
3 0.783201 0.295339 0.171558 0.556764 0.00183614
1 0.643084 0.777606 0.0168078 0.112369 0.00173133
3 0.840624 0.550666 0.0426363 0.160544 0.00169445
3 0.656047 0.772801 0.0190504 0.0984602 0.001638
4 0.650081 0.775476 0.0174039 0.104955 0.00159562
3 0.279386 0.431207 0.0932752 0.491735 0.00151691
5 0.650081 0.775476 0.0174039 0.104955 0.00149906
4 0.360609 0.695257 0.0657623 0.272474 0.00147606
0 0.787244 0.493743 0.171499 0.90683 0.00142497
2 0.650081 0.775476 0.0174039 0.104955 0.001413
3 0.35272 0.687914 0.168538 0.326997 0.00138707
2 0.126675 0.797557 0.0962319 0.184611 0.00138292
3 0.270813 0.524321 0.109344 0.522912 0.00137134
3 0.788471 0.502364 0.149182 0.571984 0.00134272
5 0.360609 0.695257 0.0657623 0.272474 0.0012447
1 0.836988 0.514557 0.0461248 0.187516 0.00123007
1 0.674559 0.75609 0.0207564 0.134498 0.00108789
3 0.344949 0.70737 0.0741391 0.23866 0.00108787
3 0.200462 0.920521 0.048472 0.157451 0.00104487
0 0.114839 0.781356 0.0781533 0.153154 0.00103079
3 0.844244 0.601623 0.0566408 0.292018 0.00101874
2 0.362406 0.690596 0.059585 0.296016 0.00100466
