3 0.799881 0.40753 0.0670867 0.313633 0.132813
3 0.797506 0.345673 0.0619705 0.18769 0.0800919
3 0.0521523 0.511104 0.0632044 0.410328 0.0103836
1 0.0358984 0.632859 0.0152381 0.106862 0.0072822
1 0.341121 0.678641 0.00821362 0.0526681 0.0058922
1 0.235125 0.699967 0.0175524 0.0429555 0.00503469
1 0.821777 0.794908 0.0160679 0.0945392 0.00380678
0 0.341413 0.681262 0.00812354 0.0441298 0.00372851
1 0.247252 0.706608 0.0158463 0.0551358 0.0034197
3 0.240582 0.979329 0.0589066 0.0330258 0.00325533
3 0.0906893 0.363212 0.181379 0.710811 0.0027359
1 0.670859 0.67027 0.00671549 0.0316002 0.00272797
1 0.0364976 0.620997 0.0200652 0.135339 0.00263386
3 0.0495083 0.3623 0.0896204 0.7246 0.00256653
0 0.801714 0.440443 0.0722938 0.376533 0.00234088
3 0.0411461 0.55165 0.0378214 0.328981 0.00166726
3 0.789531 0.450447 0.143012 0.398983 0.00159993
3 0.0900275 0.446094 0.138282 0.486235 0.00157233
1 0.798361 0.334441 0.064109 0.160874 0.00153822
1 0.801136 0.407685 0.0690299 0.302047 0.00147101
1 0.685254 0.665036 0.0077033 0.0317418 0.00133744
1 0.655212 0.670864 0.00747576 0.0316049 0.00119261
0 0.797506 0.345673 0.0619705 0.18769 0.00118742
2 0.800549 0.337136 0.0688892 0.164755 0.00118294
1 0.253334 0.716936 0.0121224 0.044604 0.0010775
3 0.115698 0.484379 0.202728 0.527436 0.00105649
