4 0.220102 0.740284 0.102525 0.203886 0.93834
0 0.945635 0.644587 0.00853424 0.0473173 0.0351388
1 0.945681 0.64563 0.00830021 0.0539291 0.0302955
4 0.215467 0.746108 0.161104 0.228843 0.0126627
0 0.222075 0.738524 0.10639 0.197216 0.00943508
2 0.221009 0.737425 0.103601 0.201152 0.00784783
1 0.22172 0.739186 0.106978 0.195188 0.00686415
3 0.22172 0.739186 0.106978 0.195188 0.00679242
5 0.22172 0.739186 0.106978 0.195188 0.00574956
0 0.94602 0.645349 0.0137415 0.0584167 0.00405845
3 0.427941 0.680829 0.0107404 0.0726513 0.00153042
4 0.673349 0.733978 0.0320081 0.195577 0.00142635
0 0.400603 0.372274 0.0119678 0.108867 0.00101609
