1 0.31615 0.679514 0.00910778 0.072256 0.0137834
1 0.685489 0.670724 0.00712938 0.0371451 0.013515
1 0.207779 0.718985 0.0163682 0.0701796 0.00965562
1 0.934918 0.612525 0.00976639 0.0592 0.0080766
1 0.90231 0.623547 0.00707474 0.059361 0.00748544
1 0.203014 0.715746 0.0149361 0.0646233 0.006216
1 0.212044 0.719621 0.0162962 0.063651 0.00466865
1 0.670674 0.671925 0.00710287 0.0361404 0.00465615
1 0.872568 0.627416 0.00786571 0.0556636 0.0026567
3 0.500943 0.5 0.998114 1 0.00154493
0 0.316447 0.685055 0.0080533 0.0557886 0.00131494
1 0.317556 0.69372 0.00975699 0.0632894 0.00126459
1 0.847788 0.632856 0.00847511 0.0598082 0.00100499
