1 0.626796 0.636066 0.0102443 0.052061 0.196667
1 0.174279 0.592761 0.00781347 0.0519659 0.0942726
1 0.708329 0.592809 0.0113959 0.0715365 0.0533235
1 0.627764 0.633121 0.0134069 0.0685147 0.0449625
1 0.659304 0.634648 0.0146028 0.0829527 0.0320247
3 0.793718 0.476948 0.065882 0.379534 0.0153031
1 0.631473 0.635559 0.0192262 0.0602968 0.0104813
0 0.262578 0.574506 0.0077899 0.0443556 0.00764998
3 0.80125 0.330208 0.0467628 0.126726 0.00440306
1 0.262578 0.574506 0.0077899 0.0443556 0.00427947
1 0.591374 0.575287 0.00966301 0.0853953 0.00377451
1 0.174074 0.591906 0.0123616 0.0551006 0.00340933
1 0.221302 0.597637 0.00769854 0.0582865 0.0033066
3 0.793694 0.360516 0.0639074 0.176184 0.00224609
1 0.22778 0.598077 0.00943365 0.0518901 0.00220015
1 0.619052 0.614435 0.0114384 0.0776692 0.00216562
2 0.627211 0.634131 0.00986395 0.056287 0.00206356
1 0.396713 0.704061 0.0155022 0.0907211 0.00170634
0 0.173938 0.5931 0.00721792 0.047693 0.00160162
3 0.802915 0.56746 0.0651316 0.535073 0.0015409
1 0.0366806 0.648997 0.0159776 0.0847212 0.00151833
3 0.801862 0.432768 0.0505304 0.30895 0.00130082
0 0.627764 0.633121 0.0134069 0.0685147 0.00115508
1 0.430091 0.204654 0.0177643 0.185105 0.00114034
1 0.706553 0.601266 0.0158844 0.0698641 0.00111911
3 0.627508 0.633579 0.0109714 0.0557093 0.00107834
