1 0.88677 0.859808 0.0285519 0.203945 0.920308
1 0.688797 0.777835 0.0126789 0.102083 0.84666
1 0.719285 0.795352 0.0139987 0.119055 0.829235
1 0.645637 0.759889 0.0110991 0.0837104 0.828032
1 0.758958 0.813511 0.0175633 0.136203 0.814801
1 0.666111 0.768239 0.0121805 0.0891223 0.812228
1 0.810872 0.835235 0.0215397 0.169129 0.779663
1 0.630407 0.751664 0.00995884 0.0749791 0.73148
1 0.615307 0.74651 0.0101502 0.0667869 0.683418
2 0.173699 0.755384 0.0684872 0.132024 0.572488
2 0.294753 0.673811 0.0602427 0.0505472 0.518008
1 0.599053 0.739227 0.00865526 0.0595415 0.475343
1 0.61886 0.747678 0.0155164 0.0703517 0.432688
1 0.601881 0.740995 0.0105659 0.0602331 0.410093
1 0.611645 0.744852 0.017513 0.0658466 0.396454
1 0.658605 0.763036 0.0162436 0.0851825 0.320146
2 0.0705081 0.787617 0.0669092 0.171941 0.24298
1 0.582239 0.735054 0.00718174 0.0533595 0.235099
1 0.562541 0.726993 0.00999041 0.0470079 0.205942
1 0.548213 0.722582 0.00719509 0.0425971 0.18572
1 0.582866 0.731033 0.0116353 0.0548682 0.181165
1 0.566978 0.729235 0.00845232 0.050248 0.165153
1 0.533406 0.717615 0.00736847 0.038662 0.1354
1 0.570013 0.729486 0.0165642 0.0517068 0.0784578
1 0.640851 0.757161 0.0202934 0.0779227 0.0586077
1 0.624639 0.748563 0.0177886 0.0707443 0.0491211
1 0.557099 0.725757 0.00961618 0.047131 0.0451186
1 0.984748 0.900878 0.0274576 0.18596 0.0416506
1 0.520381 0.715973 0.00897646 0.0356984 0.0359303
1 0.887825 0.868833 0.02514 0.131099 0.0314981
1 0.545958 0.721683 0.00905008 0.0432473 0.0271513
1 0.592921 0.731916 0.00898304 0.054223 0.0149246
1 0.505671 0.714315 0.010649 0.0327533 0.0145397
3 0.886523 0.860512 0.0279221 0.204382 0.0141827
1 0.592811 0.736231 0.0162134 0.0562369 0.0136344
1 0.615509 0.756647 0.00741062 0.0666216 0.0135669
1 0.597269 0.736003 0.0166206 0.0616786 0.0124275
2 0.0282977 0.793104 0.0476497 0.181447 0.0122073
0 0.886143 0.861002 0.027564 0.204023 0.0105304
0 0.0960691 0.657661 0.0496319 0.11566 0.00958619
4 0.294207 0.674916 0.0591015 0.0473445 0.00931362
1 0.891204 0.833797 0.0217707 0.16654 0.0091885
1 0.562051 0.724772 0.0167227 0.0499705 0.00825679
4 0.886724 0.859492 0.0279167 0.204969 0.0080025
0 0.173699 0.755384 0.0684872 0.132024 0.00761198
0 0.759101 0.813849 0.0183898 0.139831 0.00756653
2 0.886371 0.859088 0.027434 0.206422 0.00738813
1 0.568849 0.734246 0.00856438 0.0433665 0.00683244
5 0.886143 0.861002 0.027564 0.204023 0.0065244
3 0.759878 0.814662 0.0169037 0.142449 0.00639982
1 0.17476 0.755533 0.0697186 0.132412 0.00632257
2 0.12038 0.775104 0.0550456 0.150656 0.00613222
0 0.687821 0.779459 0.0145421 0.0993169 0.00586995
3 0.811804 0.83372 0.0209524 0.169517 0.00579453
1 0.294753 0.673811 0.0602427 0.0505472 0.00571253
2 0.810148 0.836754 0.0221109 0.164183 0.00528839
1 0.983603 0.943877 0.0227386 0.109158 0.00527223
0 0.666254 0.769562 0.0151989 0.0910899 0.00493061
3 0.985812 0.885735 0.0283768 0.226156 0.00477181
0 0.630118 0.752051 0.0105665 0.0747515 0.00463609
5 0.810872 0.835235 0.0215397 0.169129 0.00461199
2 0.758902 0.814069 0.0169612 0.140609 0.00457221
2 0.0943007 0.652414 0.0520222 0.115227 0.00456636
1 0.569525 0.727587 0.0261119 0.0532215 0.00452238
4 0.173699 0.755384 0.0684872 0.132024 0.00441304
1 0.684383 0.781201 0.0344372 0.112565 0.00428815
0 0.811658 0.837703 0.0209517 0.165952 0.00427972
2 0.158152 0.751206 0.0545403 0.130682 0.00388347
5 0.758902 0.814069 0.0169612 0.140609 0.00386131
0 0.0705081 0.787617 0.0669092 0.171941 0.00384315
2 0.259397 0.749188 0.0240098 0.0975255 0.00380983
4 0.810803 0.838246 0.0207726 0.165259 0.00375526
1 0.892212 0.807943 0.0171238 0.100571 0.00370457
3 0.719656 0.796609 0.0149426 0.125987 0.00367225
0 0.719295 0.795087 0.0146502 0.121052 0.00359248
1 0.718539 0.796155 0.0226665 0.124815 0.00356823
0 0.64533 0.759777 0.0112447 0.0801056 0.00352002
3 0.688779 0.779949 0.0123237 0.104492 0.00350184
1 0.99348 0.801214 0.0124832 0.0673101 0.00349039
5 0.173699 0.755384 0.0684872 0.132024 0.00342161
4 0.758902 0.814069 0.0169612 0.140609 0.00318542
2 0.688689 0.781735 0.0116713 0.101952 0.00313822
3 0.173699 0.755384 0.0684872 0.132024 0.00312769
3 0.294207 0.674916 0.0591015 0.0473445 0.00302245
2 0.64533 0.759777 0.0112447 0.0801056 0.00291872
3 0.645524 0.759183 0.0104484 0.0780894 0.00286595
3 0.665933 0.769275 0.0120628 0.0929667 0.00279926
2 0.186359 0.749521 0.0483358 0.124904 0.00276182
2 0.719396 0.795813 0.0148746 0.117856 0.00275477
0 0.294207 0.674916 0.0591015 0.0473445 0.00269444
2 0.161709 0.742175 0.197479 0.245952 0.00267505
2 0.239104 0.749404 0.0381027 0.102913 0.00265891
3 0.0576555 0.387699 0.107637 0.346387 0.00264245
1 0.533054 0.716882 0.0136431 0.0401015 0.00257919
5 0.294271 0.674154 0.0591295 0.0481791 0.00252435
1 0.988009 0.93548 0.0201944 0.126674 0.00248975
5 0.719819 0.797594 0.014928 0.122343 0.00243735
5 0.688379 0.780263 0.012958 0.105844 0.00239236
3 0.629685 0.752476 0.0114605 0.0712407 0.00232751
1 0.0722417 0.784796 0.0706224 0.173196 0.00231889
2 0.630312 0.757029 0.00996943 0.06877 0.0023185
4 0.719396 0.795813 0.0148746 0.117856 0.00226139
2 0.665681 0.769141 0.0120134 0.0927034 0.00224115
1 0.576262 0.730517 0.0162464 0.0489927 0.00217063
1 0.989573 0.877312 0.0205191 0.221106 0.00216402
3 0.61507 0.746505 0.0107875 0.0660138 0.00208712
1 0.979025 0.885795 0.0410538 0.223356 0.00199167
4 0.687821 0.779459 0.0145421 0.0993169 0.00194252
1 0.669992 0.771624 0.0254086 0.102088 0.00187551
5 0.667283 0.77046 0.0158442 0.0906204 0.00186015
4 0.473582 0.338575 0.025103 0.067811 0.00177515
1 0.244243 0.74873 0.0325744 0.0966817 0.00177029
4 0.667283 0.77046 0.0158442 0.0906204 0.00175994
4 0.64533 0.759777 0.0112447 0.0801056 0.0017553
1 0.259397 0.749188 0.0240098 0.0975255 0.00167626
4 0.0709961 0.782799 0.0682837 0.166433 0.00162472
2 0.0890399 0.797789 0.17808 0.239699 0.00160977
1 0.565493 0.729446 0.0156505 0.0466078 0.00158738
5 0.665414 0.768018 0.00989132 0.0865456 0.00153055
1 0.557413 0.725058 0.0195119 0.0492762 0.00151639
5 0.629685 0.752476 0.0114605 0.0712407 0.00149797
5 0.645737 0.758729 0.00999966 0.0792275 0.00148792
2 0.290318 0.683397 0.0608481 0.0767302 0.00145664
4 0.630118 0.752051 0.0105665 0.0747515 0.00143044
0 0.640851 0.757161 0.0202934 0.0779227 0.00141579
2 0.61507 0.746505 0.0107875 0.0660138 0.00140964
3 0.61886 0.747678 0.0155164 0.0703517 0.00140203
1 0.994566 0.801495 0.00747547 0.0696857 0.00139366
3 0.599166 0.739304 0.010015 0.0580119 0.0013843
1 0.885701 0.898633 0.0241188 0.117376 0.00135077
1 0.230849 0.748367 0.0397065 0.101599 0.00134323
5 0.61507 0.746505 0.0107875 0.0660138 0.00130306
4 0.665414 0.768018 0.00989132 0.0865456 0.00128885
3 0.601626 0.741077 0.0112571 0.0592087 0.00127171
1 0.68687 0.746972 0.00805597 0.0452889 0.0012711
4 0.615307 0.74651 0.0101502 0.0667869 0.00124639
3 0.0709961 0.782799 0.0682837 0.166433 0.00122251
2 0.187717 0.782644 0.190242 0.248968 0.00121707
3 0.659268 0.762806 0.0163838 0.0857827 0.00121358
0 0.618657 0.74763 0.0161512 0.0716192 0.001191
3 0.611645 0.744852 0.017513 0.0658466 0.00118623
0 0.61507 0.746505 0.0107875 0.0660138 0.00113644
5 0.0709961 0.782799 0.0682837 0.166433 0.00113473
2 0.566978 0.729235 0.00845232 0.050248 0.00111813
4 0.618657 0.74763 0.0161512 0.0716192 0.00111028
4 0.611611 0.744277 0.0182767 0.064218 0.00108312
1 0.558296 0.734629 0.00700111 0.0395669 0.00108211
0 0.624639 0.748563 0.0177886 0.0707443 0.00106592
2 0.222426 0.75238 0.0369491 0.106897 0.00106248
4 0.599166 0.739304 0.010015 0.0580119 0.00105569
0 0.984609 0.884765 0.0304693 0.230423 0.00103713
4 0.566978 0.729235 0.00845232 0.050248 0.00102616
0 0.658605 0.763036 0.0162436 0.0851825 0.00102519
1 0.520381 0.715103 0.0170048 0.0383592 0.00102478
2 0.618657 0.74763 0.0161512 0.0716192 0.00101688
