0 0.167901 0.578392 0.0108149 0.0362629 0.0996216
1 0.167901 0.578392 0.0108149 0.0362629 0.0844762
1 0.216923 0.580948 0.00813227 0.0476548 0.0544027
1 0.202546 0.579268 0.00985503 0.0400318 0.0324952
1 0.795048 0.568164 0.00867901 0.0557432 0.0245536
1 0.207421 0.580568 0.00907521 0.0462553 0.0227664
1 0.0790031 0.562441 0.00887036 0.0594171 0.0171104
1 0.205016 0.575991 0.00901079 0.0408278 0.0142034
1 0.212274 0.769568 0.0296014 0.129489 0.013482
1 0.341803 0.614026 0.00871172 0.0696854 0.0124079
0 0.583481 0.624312 0.0126028 0.0498545 0.0107927
1 0.267951 0.726207 0.0227833 0.131142 0.0106642
1 0.20843 0.580007 0.015482 0.0437699 0.00969926
3 0.851228 0.472933 0.0230509 0.195202 0.00958627
0 0.168256 0.577958 0.0167387 0.0396531 0.00849767
0 0.202546 0.579268 0.00985503 0.0400318 0.00785549
1 0.300332 0.708798 0.011391 0.0923216 0.00752884
1 0.221883 0.577851 0.00993409 0.0425836 0.00739751
1 0.242991 0.571654 0.00673127 0.0479782 0.00586592
1 0.261319 0.734952 0.0261185 0.132972 0.0056156
1 0.61717 0.618691 0.00948572 0.03237 0.00510566
1 0.196217 0.575446 0.00871811 0.038285 0.00429848
1 0.24698 0.74666 0.0279485 0.133503 0.00358564
1 0.0128273 0.550566 0.00887862 0.0727832 0.00354641
1 0.848725 0.515425 0.0210855 0.246574 0.00306035
1 0.234176 0.756489 0.0317436 0.128797 0.00263413
1 0.252592 0.746885 0.023983 0.110037 0.0025561
1 0.0169556 0.547804 0.010408 0.0770302 0.00238277
1 0.61427 0.619899 0.0103823 0.0353256 0.00220653
1 0.202904 0.577729 0.0154052 0.0425306 0.00213832
1 0.215526 0.580268 0.0165308 0.051299 0.00203306
1 0.24126 0.57158 0.00731974 0.0470806 0.00199737
3 0.848725 0.515425 0.0210855 0.246574 0.00174102
0 0.202904 0.577729 0.0154052 0.0425306 0.00162903
1 0.30443 0.705251 0.0139874 0.0963777 0.00148161
1 0.583374 0.624323 0.0124046 0.0462479 0.00143053
1 0.274322 0.718286 0.0228049 0.112581 0.00138631
1 0.609171 0.618632 0.00832424 0.0367944 0.00137557
1 0.22497 0.763573 0.0506098 0.131764 0.00124046
2 0.167393 0.578876 0.0107374 0.0349198 0.00123873
1 0.616819 0.617628 0.0144076 0.0363422 0.00121141
1 0.198682 0.773235 0.0333965 0.132476 0.00117802
3 0.843259 0.284472 0.0456598 0.26788 0.00113878
1 0.174271 0.572256 0.00934206 0.046985 0.00112095
0 0.196167 0.580504 0.00944409 0.0412849 0.00109633
0 0.0790031 0.562441 0.00887036 0.0594171 0.00108567
0 0.20843 0.580007 0.015482 0.0437699 0.00107567
1 0.341205 0.60415 0.0120579 0.0697191 0.00106727
1 0.232964 0.573629 0.00913987 0.0427048 0.00103222
0 0.217178 0.578238 0.0132576 0.0467259 0.00100518
