1 0.850137 0.781008 0.0352169 0.177302 0.855311
1 0.896266 0.780843 0.0322063 0.185509 0.84431
1 0.941539 0.767176 0.0301443 0.177338 0.743114
3 0.20498 0.634098 0.0647345 0.162448 0.5213
1 0.984135 0.750231 0.028298 0.163053 0.492666
1 0.741947 0.589719 0.0135659 0.138722 0.285992
1 0.612235 0.602023 0.00746508 0.059708 0.102035
3 0.0170335 0.262984 0.0334807 0.127291 0.0508404
1 0.86208 0.776953 0.0486076 0.178513 0.015356
0 0.20498 0.634098 0.0647345 0.162448 0.0153238
0 0.850019 0.780965 0.0344807 0.177707 0.011812
0 0.896068 0.779362 0.0322611 0.189927 0.0117582
1 0.891798 0.781043 0.0547073 0.1788 0.0104521
0 0.941609 0.767503 0.0303383 0.177176 0.00882937
1 0.612111 0.582395 0.00880156 0.110987 0.00851555
3 0.895878 0.782307 0.0322821 0.186022 0.00849907
2 0.849628 0.77999 0.0346306 0.179605 0.00808822
4 0.849628 0.77999 0.0346306 0.179605 0.0080874
3 0.849168 0.783872 0.0345263 0.180942 0.00761497
1 0.938777 0.746766 0.022998 0.142663 0.00754004
5 0.89677 0.780685 0.0349356 0.185233 0.00749546
4 0.896068 0.779362 0.0322611 0.189927 0.00732141
5 0.850019 0.780965 0.0344807 0.177707 0.00705077
4 0.941167 0.765219 0.0303061 0.1803 0.00679707
3 0.941167 0.765219 0.0303061 0.1803 0.00642501
2 0.896068 0.779362 0.0322611 0.189927 0.00641539
0 0.983888 0.750487 0.028389 0.16223 0.00575986
3 0.0240598 0.26797 0.0481196 0.135743 0.00563684
1 0.205927 0.635884 0.0673368 0.167251 0.00558073
2 0.941167 0.765219 0.0303061 0.1803 0.0053103
3 0.0635717 0.324028 0.0513106 0.116077 0.00526015
3 0.0404974 0.284245 0.0809948 0.172457 0.00515283
3 0.983348 0.750118 0.027767 0.164021 0.00481012
2 0.984135 0.750231 0.028298 0.163053 0.00473832
5 0.941609 0.767503 0.0303383 0.177176 0.00473469
3 0.15218 0.377566 0.0676205 0.587615 0.00430833
3 0.440404 0.214487 0.0737266 0.139401 0.00412027
1 0.98819 0.732961 0.0171841 0.12516 0.00402572
4 0.983348 0.750118 0.027767 0.164021 0.0039633
1 0.842743 0.778751 0.0273561 0.171254 0.00333309
3 0.741947 0.589719 0.0135659 0.138722 0.00326337
4 0.20498 0.634098 0.0647345 0.162448 0.003245
3 0.201391 0.642141 0.163653 0.237861 0.00319312
2 0.205927 0.635884 0.0673368 0.167251 0.00311678
1 0.611627 0.601893 0.0113893 0.0657687 0.00271527
3 0.891798 0.781043 0.0547073 0.1788 0.00262793
3 0.612934 0.586645 0.0119537 0.10623 0.00261014
3 0.149172 0.41947 0.0865956 0.819419 0.00252859
1 0.741348 0.563093 0.0113308 0.118171 0.00249382
3 0.0560362 0.306867 0.0792861 0.174437 0.00245164
5 0.20556 0.636583 0.0663681 0.162527 0.00238845
0 0.742171 0.591054 0.0134792 0.141611 0.00236945
3 0.404914 0.528972 0.0281415 0.177154 0.00236726
3 0.164858 0.445119 0.0890879 0.68628 0.00218538
1 0.892186 0.790418 0.0250784 0.139212 0.00206744
5 0.983888 0.750487 0.028389 0.16223 0.00198366
1 0.948393 0.769267 0.0509571 0.174503 0.00192631
1 0.927964 0.764407 0.048686 0.173104 0.00166614
1 0.994096 0.716061 0.0118077 0.0961051 0.00163271
3 0.116415 0.353788 0.147939 0.609465 0.00163083
3 0.151327 0.260731 0.0749175 0.504768 0.00159258
3 0.106729 0.24273 0.162218 0.426506 0.0013763
1 0.614265 0.599784 0.0124584 0.075317 0.00136755
3 0.164424 0.544759 0.117218 0.538592 0.00124022
0 0.612235 0.602023 0.00746508 0.059708 0.0012035
1 0.609833 0.58379 0.0168989 0.109272 0.00120068
0 0.86208 0.776953 0.0486076 0.178513 0.00118615
0 0.891798 0.781043 0.0547073 0.1788 0.00115952
4 0.742121 0.589305 0.0141404 0.139985 0.00115611
3 0.86208 0.776953 0.0486076 0.178513 0.00114586
5 0.742121 0.589305 0.0141404 0.139985 0.00113572
3 0.613256 0.604566 0.00728645 0.0592486 0.00111241
3 0.103235 0.441193 0.190705 0.817191 0.00107981
2 0.742121 0.589305 0.0141404 0.139985 0.00105681
3 0.051094 0.435916 0.0931629 0.530295 0.00104142
