0 0.978938 0.862074 0.0365576 0.0628937 0.26284
1 0.562976 0.619219 0.00923128 0.0445048 0.0267567
1 0.978598 0.860169 0.0365273 0.0681912 0.014784
1 0.775924 0.576919 0.00736217 0.0429075 0.00998309
1 0.923544 0.566462 0.0151424 0.0952414 0.00851437
3 0.61889 0.353408 0.0307489 0.195479 0.005858
1 0.321901 0.59496 0.00920606 0.0489228 0.00547443
3 0.978598 0.860169 0.0365273 0.0681912 0.00487052
2 0.978938 0.862074 0.0365576 0.0628937 0.00410057
1 0.778203 0.5744 0.0068449 0.0389284 0.00305535
1 0.232137 0.616902 0.0076252 0.0508295 0.00239617
0 0.976557 0.854719 0.0443115 0.110241 0.00206896
1 0.230836 0.625581 0.00776801 0.0408708 0.00203785
0 0.973646 0.877073 0.0474926 0.103617 0.00166771
1 0.616865 0.634316 0.00949516 0.0393334 0.0016505
0 0.321972 0.590416 0.00997982 0.0606138 0.00165035
1 0.590911 0.636312 0.00852099 0.0348511 0.00143305
0 0.973585 0.723133 0.0499884 0.360063 0.00137961
1 0.772258 0.574911 0.00768414 0.0469269 0.00125709
1 0.777376 0.581284 0.00731397 0.0431053 0.00123346
4 0.978377 0.861074 0.0383242 0.0668125 0.00122248
2 0.562976 0.619219 0.00923128 0.0445048 0.00120449
1 0.561078 0.624896 0.00809984 0.0383634 0.0010988
1 0.236941 0.61959 0.0103307 0.04245 0.00106263
5 0.978938 0.862074 0.0365576 0.0628937 0.00101473
