3 0.24355 0.512648 0.0618558 0.39911 0.452868
1 0.0992803 0.582581 0.0084666 0.0507559 0.15697
1 0.166214 0.587761 0.00866349 0.0538838 0.0291934
1 0.099273 0.584376 0.0132922 0.0538619 0.0152939
1 0.676004 0.634797 0.010792 0.0463396 0.0146796
1 0.734953 0.632256 0.00956898 0.0466978 0.0144724
1 0.672029 0.63522 0.0128712 0.0455061 0.0130263
1 0.702757 0.632866 0.0102806 0.0470776 0.0105848
3 0.245421 0.369928 0.0577666 0.124544 0.0101715
1 0.697283 0.633316 0.0101289 0.0447734 0.0072946
1 0.654583 0.634002 0.0113167 0.0443363 0.0062033
0 0.242802 0.518247 0.062557 0.382659 0.00606363
1 0.716714 0.633078 0.0119614 0.0444258 0.00376062
1 0.650632 0.636692 0.00976009 0.0458052 0.00347789
4 0.242802 0.518247 0.062557 0.382659 0.00321706
3 0.249802 0.50871 0.149858 0.421243 0.00320666
1 0.242802 0.518247 0.062557 0.382659 0.00309735
2 0.243002 0.518177 0.0633791 0.405994 0.00255264
5 0.243002 0.518177 0.0633791 0.405994 0.0022967
1 0.100674 0.574697 0.0100625 0.0703356 0.0019983
1 0.769912 0.630611 0.0121932 0.0474777 0.00193292
1 0.301739 0.589543 0.00813255 0.0286036 0.0016453
1 0.0924575 0.584013 0.00970714 0.0463388 0.00143893
4 0.487696 0.118159 0.937945 0.236317 0.00140968
0 0.0996143 0.583073 0.0103485 0.0507572 0.0013309
1 0.166129 0.588423 0.0135847 0.0579526 0.00130857
1 0.703987 0.634726 0.0163614 0.0474365 0.00129387
1 0.729394 0.536518 0.0164117 0.117516 0.00120976
1 0.147558 0.586169 0.00879581 0.0525845 0.00120107
1 0.0973055 0.576117 0.0111844 0.0618052 0.00119297
2 0.0972031 0.583064 0.0104519 0.0510736 0.00119095
3 0.0539082 0.408141 0.0374552 0.1447 0.00113037
1 0.22569 0.657513 0.013219 0.103228 0.00108052
3 0.245266 0.401405 0.0626859 0.203359 0.00106483
1 0.298422 0.590055 0.0105582 0.032107 0.00104006
