1 0.862322 0.639972 0.0119448 0.0926419 0.717465
1 0.9061 0.636237 0.0125805 0.0789283 0.591482
1 0.89261 0.638009 0.0136154 0.0792492 0.462109
1 0.883856 0.639818 0.0196386 0.0831625 0.427503
1 0.86569 0.639544 0.0194649 0.0886346 0.400029
1 0.879233 0.639249 0.0149654 0.0875195 0.220193
1 0.899628 0.638561 0.0170731 0.0833854 0.167019
1 0.849721 0.624727 0.00839329 0.0749637 0.0445033
1 0.908877 0.632824 0.00980301 0.0783919 0.0383508
3 0.562296 0.299404 0.185705 0.598807 0.0305
1 0.85284 0.632146 0.0093235 0.0876211 0.0254507
4 0.0289442 0.541979 0.0237448 0.0664653 0.0148444
1 0.856011 0.629481 0.0138615 0.0869871 0.00924865
1 0.874674 0.637236 0.0306349 0.0954119 0.00593856
0 0.861438 0.638622 0.0153517 0.0935599 0.00466793
0 0.884906 0.63981 0.0191469 0.0867705 0.00444888
3 0.591401 0.329177 0.101076 0.497305 0.00412847
0 0.977258 0.865544 0.0416187 0.0800285 0.00385423
3 0.9061 0.636237 0.0125805 0.0789283 0.0037948
1 0.85844 0.619105 0.0093235 0.0662211 0.00369363
3 0.883856 0.639818 0.0196386 0.0831625 0.00319301
3 0.605646 0.308207 0.16167 0.564301 0.00309849
3 0.89261 0.638009 0.0136154 0.0792492 0.00286744
3 0.976651 0.861675 0.0397118 0.0749023 0.00271266
4 0.861438 0.638622 0.0153517 0.0935599 0.00268111
3 0.519104 0.337444 0.291951 0.639949 0.00256141
0 0.906382 0.637557 0.0134245 0.0779344 0.00251666
5 0.861438 0.638622 0.0153517 0.0935599 0.0024378
1 0.0775089 0.525199 0.0135636 0.0639803 0.00232682
3 0.525116 0.301052 0.142615 0.563196 0.00232517
1 0.397631 0.643809 0.014022 0.0584728 0.00227095
3 0.861438 0.638622 0.0153517 0.0935599 0.0022269
3 0.865924 0.639998 0.0187487 0.0893928 0.00215414
0 0.875468 0.639301 0.0239059 0.0902724 0.00214218
1 0.852606 0.633659 0.0151253 0.0877815 0.00208972
4 0.884906 0.63981 0.0191469 0.0867705 0.00207411
1 0.860105 0.634451 0.0230799 0.0962001 0.0020664
1 0.0794821 0.517239 0.0118364 0.0553958 0.00205874
0 0.899628 0.638561 0.0170731 0.0833854 0.00201209
1 0.849328 0.624937 0.0129797 0.0810957 0.00199749
1 0.291748 0.593592 0.0144272 0.0813556 0.00198815
0 0.0275463 0.540573 0.0272497 0.0681588 0.00186343
2 0.905527 0.636919 0.0127741 0.0782036 0.00169927
3 0.899628 0.638561 0.0170731 0.0833854 0.0016083
2 0.864572 0.637232 0.0222734 0.0878819 0.00160692
1 0.470336 0.587754 0.0275106 0.133565 0.00159772
4 0.905527 0.636919 0.0127741 0.0782036 0.00157996
1 0.481714 0.581973 0.0184289 0.119104 0.00157352
5 0.9061 0.636237 0.0125805 0.0789283 0.00155594
0 0.891571 0.637517 0.0128613 0.0814797 0.00152899
1 0.476799 0.577469 0.0203472 0.140061 0.00148158
3 0.875468 0.639301 0.0239059 0.0902724 0.00147789
1 0.0724282 0.524261 0.0128005 0.0598138 0.00143822
5 0.883856 0.639818 0.0196386 0.0831625 0.00143546
0 0.994761 0.468726 0.00851002 0.0472829 0.00135401
1 0.457656 0.598266 0.0172807 0.127503 0.00131013
5 0.892094 0.637773 0.0120623 0.0807404 0.00129903
3 0.629381 0.371744 0.116005 0.518006 0.00129633
0 0.879861 0.639351 0.0145866 0.0860995 0.0012767
1 0.39456 0.649816 0.0196557 0.0595992 0.00127561
0 0.86569 0.639544 0.0194649 0.0886346 0.0012743
5 0.865734 0.640287 0.0166483 0.0942696 0.00125922
2 0.891571 0.637517 0.0128613 0.0814797 0.00124731
4 0.875468 0.639301 0.0239059 0.0902724 0.00123495
2 0.883612 0.638883 0.020192 0.0836947 0.00121827
4 0.891571 0.637517 0.0128613 0.0814797 0.00119079
1 0.897244 0.636534 0.0301439 0.0903117 0.00117919
1 0.457662 0.616251 0.0129413 0.0825962 0.00117784
2 0.875468 0.639301 0.0239059 0.0902724 0.00112541
2 0.860227 0.639505 0.0138878 0.0949452 0.00108738
3 0.213643 0.342012 0.117321 0.268222 0.00107517
5 0.879233 0.639249 0.0149654 0.0875195 0.00107308
1 0.0854831 0.515806 0.0120958 0.0465282 0.00100856
4 0.899628 0.638561 0.0170731 0.0833854 0.00100674
