3 0.315115 0.557212 0.0496865 0.336596 0.498688
1 0.306112 0.774287 0.0143526 0.0838908 0.15813
1 0.302027 0.773614 0.0121627 0.0784951 0.138124
1 0.319884 0.774073 0.0151356 0.0814967 0.0699809
1 0.323898 0.77301 0.0140345 0.0759301 0.0210686
1 0.311593 0.774779 0.0234255 0.0796641 0.0171929
1 0.377348 0.712324 0.014759 0.122697 0.0122573
3 0.601146 0.312769 0.0173555 0.111025 0.0102228
1 0.600644 0.311043 0.0160371 0.107887 0.00817457
0 0.315115 0.557212 0.0496865 0.336596 0.00749543
1 0.332185 0.768802 0.0108361 0.0791634 0.00701697
3 0.316264 0.473037 0.0475854 0.168772 0.00550518
3 0.531829 0.125273 0.0513828 0.112751 0.00491413
1 0.539577 0.675996 0.00984154 0.0485579 0.00449488
1 0.845249 0.681817 0.0114361 0.0486966 0.00441307
1 0.315399 0.556717 0.0512562 0.329987 0.00418971
1 0.212171 0.651133 0.00949593 0.0586218 0.00310387
1 0.231516 0.738618 0.0108502 0.0581731 0.00309494
1 0.841994 0.68175 0.0135454 0.0504756 0.00305355
2 0.315399 0.556717 0.0512562 0.329987 0.00274449
5 0.315399 0.556717 0.0512562 0.329987 0.00253656
4 0.315399 0.556717 0.0512562 0.329987 0.00249464
1 0.169369 0.66231 0.0131135 0.0632855 0.00248502
1 0.376728 0.697407 0.0114653 0.0978877 0.00224042
1 0.832074 0.682503 0.0155386 0.052151 0.00218088
1 0.343191 0.758879 0.0146647 0.0762968 0.00207425
3 0.308241 0.569092 0.196524 0.431848 0.00202948
3 0.53274 0.115059 0.0769692 0.107856 0.00194247
3 0.692527 0.418351 0.0587046 0.144649 0.00176728
1 0.518803 0.680533 0.00976725 0.0487386 0.00171049
1 0.339814 0.76479 0.0124785 0.070931 0.001672
4 0.202458 0.109589 0.404916 0.219177 0.00153221
1 0.504823 0.678473 0.00996161 0.046515 0.00152628
4 0.167529 0.145842 0.335057 0.262476 0.00144811
1 0.365442 0.747491 0.0154698 0.0733285 0.00135615
2 0.303165 0.773569 0.0154335 0.0793699 0.00132795
1 0.169289 0.679384 0.0158664 0.0875654 0.00132687
1 0.501658 0.676395 0.0086421 0.044424 0.00128697
1 0.362327 0.745015 0.0231815 0.0933636 0.00124585
1 0.380105 0.742135 0.0128285 0.0721844 0.00123911
1 0.819461 0.68088 0.01213 0.0504876 0.00120684
1 0.354217 0.760611 0.0135775 0.0695955 0.00119467
0 0.303165 0.773569 0.0154335 0.0793699 0.00105691
4 0.303165 0.773569 0.0154335 0.0793699 0.00104743
3 0.710994 0.433498 0.0826323 0.190536 0.00102818
3 0.659173 0.517486 0.147573 0.340854 0.00100609
