1 0.688942 0.66556 0.01171 0.084893 0.830428
1 0.755339 0.670466 0.0131993 0.0874868 0.82079
1 0.823206 0.755666 0.02274 0.151048 0.774442
1 0.710075 0.667155 0.0123405 0.0829304 0.772125
1 0.773765 0.667857 0.0107756 0.0917003 0.770519
1 0.732621 0.668411 0.0124249 0.0868306 0.770316
1 0.845727 0.7372 0.0203323 0.13655 0.586641
1 0.855766 0.728647 0.0189625 0.127342 0.496614
1 0.86839 0.721545 0.0188093 0.116587 0.459193
1 0.830408 0.743532 0.0277225 0.144748 0.369861
1 0.861418 0.726165 0.0233469 0.127349 0.349598
1 0.751446 0.668874 0.0213763 0.0902059 0.348432
1 0.872055 0.714245 0.01415 0.119587 0.312622
1 0.706889 0.670378 0.0157124 0.0842248 0.27105
1 0.763532 0.670708 0.0214735 0.0871933 0.212396
1 0.650068 0.588862 0.00701933 0.0569238 0.191569
1 0.736972 0.670782 0.0202559 0.0813677 0.176967
1 0.833437 0.725397 0.0207445 0.121385 0.0332105
1 0.842099 0.705985 0.0179386 0.0965633 0.0326631
1 0.855591 0.7063 0.015909 0.0964703 0.0312551
3 0.199574 0.469293 0.399149 0.871799 0.0257209
1 0.970377 0.753016 0.0295851 0.164973 0.0212859
1 0.824294 0.727397 0.0165922 0.126153 0.0203851
1 0.843579 0.75828 0.0174595 0.106425 0.0174995
1 0.837565 0.701115 0.0153727 0.0876703 0.017251
0 0.689585 0.667291 0.0173533 0.0832269 0.00724025
0 0.732368 0.668245 0.0125836 0.0858629 0.00667928
0 0.755054 0.667912 0.0127163 0.0881559 0.00659215
3 0.0259957 0.531047 0.0486156 0.170109 0.00641082
0 0.773079 0.668274 0.0132232 0.0907327 0.0063153
0 0.709815 0.667128 0.0121466 0.0826539 0.00617876
3 0.284355 0.435546 0.235807 0.683552 0.00577233
5 0.823749 0.752877 0.0225555 0.160605 0.00565362
4 0.822869 0.755216 0.0234459 0.153674 0.00546172
1 0.873909 0.699197 0.0122356 0.099864 0.00489644
2 0.754996 0.67029 0.0129791 0.0855509 0.00474517
0 0.823749 0.752877 0.0225555 0.160605 0.00469972
1 0.712526 0.662183 0.0110468 0.0870584 0.00460426
3 0.732368 0.668245 0.0125836 0.0858629 0.00423788
3 0.5 0.459018 1 0.917206 0.00415149
4 0.688463 0.66606 0.0141309 0.0843468 0.00412832
2 0.732102 0.670271 0.013047 0.0843936 0.00407259
1 0.850575 0.75968 0.0131762 0.0786843 0.00391477
3 0.5 0.171669 1 0.343338 0.00386709
1 0.852051 0.749295 0.0193262 0.125264 0.00383296
2 0.823206 0.755666 0.02274 0.151048 0.0037888
3 0.755054 0.667912 0.0127163 0.0881559 0.00378029
0 0.763532 0.670708 0.0214735 0.0871933 0.00377687
0 0.736972 0.670782 0.0202559 0.0813677 0.00372471
4 0.709148 0.668715 0.0140213 0.0801458 0.00366222
1 0.975612 0.733762 0.0209982 0.124595 0.0035358
2 0.86839 0.721545 0.0188093 0.116587 0.00336995
2 0.6894 0.668777 0.0126383 0.0806464 0.00334226
4 0.851612 0.734435 0.0239853 0.135195 0.00330187
2 0.709636 0.669325 0.0127922 0.0796902 0.00329434
3 0.823749 0.752877 0.0225555 0.160605 0.00313728
4 0.773081 0.668639 0.0132178 0.088032 0.00308695
3 0.689139 0.665371 0.0127703 0.0849124 0.00303367
2 0.851612 0.734435 0.0239853 0.135195 0.00280023
3 0.773749 0.668071 0.0109736 0.0901681 0.00272369
1 0.649601 0.588862 0.0117117 0.0599542 0.00270059
5 0.845819 0.737747 0.0209921 0.134558 0.00267397
5 0.689585 0.667291 0.0173533 0.0832269 0.00263956
2 0.856787 0.724598 0.0221943 0.126346 0.00262418
3 0.868616 0.72147 0.0184904 0.116473 0.00260224
2 0.773068 0.669672 0.0129484 0.0873777 0.00258769
5 0.869285 0.718529 0.0206268 0.123634 0.00251242
5 0.855814 0.729224 0.0199177 0.12717 0.00250375
3 0.049034 0.267085 0.098068 0.165359 0.0025012
3 0.710075 0.667155 0.0123405 0.0829304 0.0024674
4 0.526813 0.163926 0.946373 0.327853 0.00242928
1 0.998454 0.715243 0.00309114 0.0809782 0.00236633
4 0.861418 0.726165 0.0233469 0.127349 0.00235411
0 0.751446 0.668874 0.0213763 0.0902059 0.00235361
4 0.871998 0.713877 0.0142239 0.120712 0.00234373
5 0.710075 0.667155 0.0123405 0.0829304 0.00231955
0 0.845227 0.735963 0.0264786 0.145196 0.00231608
3 0.856198 0.728746 0.0187258 0.126125 0.0022914
5 0.773081 0.668639 0.0132178 0.088032 0.00228994
5 0.732621 0.668411 0.0124249 0.0868306 0.00224577
1 0.758058 0.673306 0.0283456 0.099952 0.00223453
1 0.997593 0.717936 0.00481405 0.0902062 0.00219357
4 0.732102 0.670271 0.013047 0.0843936 0.00216902
4 0.754563 0.670325 0.0141687 0.0882206 0.00211454
4 0.758665 0.672518 0.0195652 0.0877016 0.00208491
5 0.755423 0.667979 0.0123552 0.0880148 0.00205084
0 0.861418 0.726165 0.0233469 0.127349 0.00201537
5 0.861418 0.726165 0.0233469 0.127349 0.00200901
1 0.972558 0.772613 0.0422512 0.202183 0.00196702
5 0.830086 0.744627 0.0284548 0.142573 0.0019644
0 0.758665 0.672518 0.0195652 0.0877016 0.00191388
3 0.846258 0.736908 0.0205244 0.134597 0.00186275
2 0.84415 0.741358 0.0184052 0.131701 0.00185786
1 0.690764 0.650582 0.0127278 0.0789677 0.00185349
0 0.851612 0.734435 0.0239853 0.135195 0.00182264
3 0.851612 0.734435 0.0239853 0.135195 0.00174298
3 0.706889 0.670378 0.0157124 0.0842248 0.00174222
1 0.82634 0.779859 0.0230677 0.102129 0.00173886
3 0.872055 0.714245 0.01415 0.119587 0.00169387
1 0.387401 0.696674 0.0100928 0.045065 0.00169296
1 0.747565 0.880784 0.00963678 0.051485 0.00168464
0 0.97043 0.758194 0.0407349 0.170258 0.00167997
4 0.763532 0.670708 0.0214735 0.0871933 0.00167923
0 0.869546 0.71663 0.0170404 0.119423 0.00166505
4 0.845227 0.735963 0.0264786 0.145196 0.00165991
1 0.692693 0.666693 0.0286998 0.0945142 0.00158887
1 0.830471 0.747012 0.0528084 0.169741 0.00157079
1 0.97809 0.722804 0.0124453 0.0939249 0.00156717
2 0.872055 0.714245 0.01415 0.119587 0.0015541
4 0.736972 0.670782 0.0202559 0.0813677 0.00145399
5 0.706889 0.670378 0.0157124 0.0842248 0.00142301
1 0.709552 0.650376 0.0123792 0.0704127 0.00139621
3 0.763532 0.670708 0.0214735 0.0871933 0.00135978
3 0.347447 0.461224 0.675552 0.832641 0.00135034
5 0.758665 0.672518 0.0195652 0.0877016 0.00134073
3 0.861418 0.726165 0.0233469 0.127349 0.00128271
5 0.763532 0.670708 0.0214735 0.0871933 0.00124898
3 0.752134 0.668985 0.0210069 0.0894357 0.00124895
4 0.830086 0.744627 0.0284548 0.142573 0.0012305
1 0.706633 0.670039 0.0253638 0.092173 0.00122913
1 0.387713 0.695533 0.0145136 0.0552066 0.00121826
4 0.868319 0.721639 0.0197504 0.116884 0.00121586
1 0.651635 0.606961 0.00884819 0.0757015 0.001206
4 0.856198 0.728746 0.0187258 0.126125 0.00118956
3 0.736972 0.670782 0.0202559 0.0813677 0.00118583
1 0.872552 0.739132 0.0105978 0.07942 0.00117221
3 0.0303756 0.598714 0.0594174 0.322978 0.0011558
2 0.763532 0.670708 0.0214735 0.0871933 0.00113735
5 0.751446 0.668874 0.0213763 0.0902059 0.00112893
0 0.830086 0.744627 0.0284548 0.142573 0.00111982
2 0.830408 0.743532 0.0277225 0.144748 0.00111316
5 0.736972 0.670782 0.0202559 0.0813677 0.00101122
3 0.758665 0.672518 0.0195652 0.0877016 0.00100614
2 0.736972 0.670782 0.0202559 0.0813677 0.0010038
