4 0.376331 0.71107 0.0539108 0.114441 0.774615
1 0.977785 0.670572 0.00784092 0.0555711 0.179497
1 0.896719 0.643248 0.00645237 0.0424346 0.0825332
1 0.924456 0.659657 0.00666466 0.048253 0.0670643
4 0.679865 0.850247 0.136327 0.28677 0.0121534
1 0.925821 0.656354 0.00651169 0.0435481 0.0108782
1 0.892034 0.650139 0.00802364 0.039619 0.00946
4 0.527619 0.7205 0.0919417 0.159821 0.0088498
0 0.376014 0.711389 0.0523645 0.115255 0.00771392
2 0.376665 0.710999 0.0548105 0.114687 0.00744125
1 0.889497 0.65171 0.00710888 0.0463779 0.00685595
1 0.376113 0.709983 0.0529334 0.112949 0.00645474
1 0.328149 0.707458 0.00920458 0.0685162 0.00612173
3 0.376665 0.710999 0.0548105 0.114687 0.00589383
5 0.376227 0.710868 0.0537618 0.112387 0.00441908
3 0.680506 0.847712 0.130748 0.293033 0.00400166
1 0.842374 0.671518 0.0078474 0.027622 0.00244158
1 0.89707 0.643114 0.011751 0.0445048 0.00239499
1 0.976494 0.663984 0.00756245 0.0642589 0.00237173
0 0.897019 0.643246 0.0078146 0.0399319 0.00186627
1 0.328213 0.716922 0.00766449 0.0469855 0.0017379
1 0.924141 0.659872 0.0114481 0.0525029 0.00173565
1 0.437908 0.684959 0.00562353 0.0408157 0.00170494
1 0.324075 0.705065 0.0128769 0.076015 0.00157284
1 0.976887 0.669489 0.0135004 0.0593505 0.00148543
4 0.39605 0.722127 0.217505 0.260853 0.00138768
1 0.924229 0.673851 0.00781403 0.0792128 0.00138022
2 0.977785 0.670572 0.00784092 0.0555711 0.00134935
1 0.883321 0.659472 0.00675411 0.0341188 0.0013281
1 0.838462 0.673545 0.00746574 0.0297437 0.0012049
0 0.924456 0.659657 0.00666466 0.048253 0.00107674
1 0.343261 0.704474 0.0106816 0.0765121 0.00104942
