4 0.190312 0.70592 0.0890684 0.159054 0.88191
4 0.415988 0.669173 0.0216518 0.0437725 0.113748
1 0.415861 0.669765 0.0192503 0.0453282 0.0497041
1 0.238378 0.731658 0.00781407 0.0599263 0.0486576
1 0.515689 0.732034 0.00812025 0.0561215 0.0294954
1 0.239207 0.737652 0.00781388 0.0431218 0.0238146
1 0.0887538 0.735272 0.0179684 0.107856 0.0181002
0 0.189888 0.704919 0.0865438 0.160392 0.0121385
4 0.196178 0.69142 0.163972 0.219404 0.0112076
1 0.190903 0.70516 0.0859852 0.158803 0.00889592
2 0.189888 0.704919 0.0865438 0.160392 0.00832729
1 0.517416 0.736865 0.0104321 0.0506624 0.00800454
1 0.23638 0.724289 0.00928535 0.0744524 0.00762916
3 0.189769 0.705339 0.0886512 0.15708 0.00702246
5 0.190834 0.705325 0.0871034 0.160023 0.00691105
0 0.0275343 0.678248 0.0203378 0.0514517 0.0055686
4 0.19337 0.707809 0.0594419 0.134203 0.00351129
0 0.390151 0.418 0.0221019 0.0354003 0.00263356
1 0.520817 0.735867 0.0110839 0.0535385 0.00224359
0 0.0209862 0.681567 0.0291014 0.0567907 0.00216636
0 0.390716 0.419037 0.0261745 0.0532793 0.00166447
1 0.733676 0.962612 0.00832958 0.0363047 0.00161377
1 0.804677 0.962176 0.0089325 0.031366 0.00119548
2 0.415861 0.669765 0.0192503 0.0453282 0.00111868
1 0.514266 0.719956 0.00993214 0.0754547 0.00110707
1 0.236702 0.723831 0.013924 0.0929241 0.00107245
4 0.410828 0.667002 0.0268435 0.0489715 0.00107233
1 0.239537 0.737027 0.0125012 0.0488615 0.00105424
1 0.870788 0.963035 0.0074316 0.0292814 0.00100244
