3 0.708892 0.569945 0.0207327 0.118483 0.383527
1 0.140624 0.586935 0.0103177 0.0761524 0.0387134
1 0.0455997 0.589245 0.00882248 0.0670534 0.0161851
1 0.106091 0.584705 0.00924928 0.0739427 0.0157737
1 0.709596 0.571414 0.0235496 0.120859 0.0126141
1 0.214974 0.58897 0.00812855 0.0567127 0.0124404
1 0.495917 0.636594 0.00863943 0.0708191 0.00947811
1 0.0782793 0.59241 0.00877023 0.0722572 0.00861787
3 0.456108 0.21571 0.0784328 0.147983 0.00850458
1 0.775457 0.665937 0.0135972 0.069181 0.00780374
1 0.246999 0.597048 0.00821843 0.0444441 0.0058027
0 0.54284 0.635837 0.0134213 0.0504022 0.00425608
1 0.176686 0.59217 0.00892917 0.0637224 0.00338496
1 0.174347 0.595122 0.00939938 0.0591083 0.00309969
0 0.709197 0.569602 0.0226046 0.119384 0.00304754
3 0.71044 0.550281 0.0191157 0.0879767 0.00275287
1 0.497772 0.621959 0.0093832 0.0419028 0.00269359
3 0.705815 0.555405 0.0293602 0.112581 0.0026294
4 0.708975 0.569179 0.020981 0.118259 0.00242045
1 0.172444 0.5907 0.00949003 0.0698758 0.00239814
2 0.709197 0.569602 0.0226046 0.119384 0.00229577
5 0.709197 0.569602 0.0226046 0.119384 0.00188004
1 0.13868 0.571798 0.011546 0.0981561 0.00172943
1 0.542724 0.63556 0.0126786 0.0500015 0.00166152
1 0.0817655 0.592212 0.0154756 0.0712944 0.00158177
3 0.707562 0.584123 0.0313387 0.141235 0.00145253
1 0.293907 0.58458 0.00784936 0.0601644 0.0012215
1 0.108581 0.569339 0.00911944 0.0824934 0.00114078
1 0.37088 0.650891 0.00741124 0.0554593 0.00105005
1 0.0780462 0.583852 0.012432 0.0769914 0.00101677
