0 0.780506 0.626832 0.010873 0.0437976 0.735258
0 0.744702 0.63499 0.0154561 0.0381206 0.677161
0 0.689291 0.64206 0.0153658 0.0417915 0.662872
1 0.639444 0.618134 0.00812616 0.0437535 0.441709
0 0.751784 0.632771 0.0178055 0.0347307 0.424868
1 0.780784 0.625386 0.00894432 0.046554 0.420365
1 0.863003 0.637169 0.00833683 0.0493305 0.359111
0 0.639876 0.617267 0.00896997 0.0453499 0.356531
1 0.805195 0.623214 0.00807419 0.0411742 0.340241
0 0.8053 0.627371 0.00740757 0.0330695 0.279474
0 0.631205 0.615407 0.00811176 0.0410678 0.197406
1 0.79969 0.625032 0.0135752 0.0436346 0.161926
1 0.631205 0.615407 0.00811176 0.0410678 0.138391
1 0.775845 0.628998 0.0168947 0.043684 0.132888
0 0.775845 0.628998 0.0168947 0.043684 0.132178
1 0.80426 0.617658 0.0104956 0.0555268 0.118251
0 0.799622 0.624417 0.0150047 0.0438739 0.0821207
1 0.51071 0.608705 0.00958538 0.0452401 0.0782078
1 0.74517 0.634877 0.0135551 0.0386343 0.0666662
1 0.862816 0.628458 0.0105431 0.0677149 0.0636105
1 0.48028 0.598972 0.00653849 0.0428627 0.0554362
0 0.760479 0.631824 0.0139596 0.0352889 0.0478482
0 0.86322 0.631287 0.0101324 0.060209 0.0473032
1 0.753871 0.632156 0.0143892 0.0368727 0.0463189
1 0.629038 0.619088 0.0105117 0.0474844 0.0367583
1 0.574321 0.610501 0.00642023 0.0452156 0.0364373
0 0.64037 0.622025 0.0130739 0.0477269 0.0258773
0 0.804299 0.617931 0.00977345 0.0556129 0.0223533
0 0.863421 0.627927 0.0137194 0.0741319 0.0212544
1 0.639307 0.617609 0.012405 0.0485209 0.020729
0 0.51071 0.608705 0.00958538 0.0452401 0.0202312
0 0.689599 0.643285 0.0241536 0.0475714 0.0189359
0 0.805091 0.626926 0.0114641 0.0371026 0.0187556
1 0.689047 0.6416 0.0146973 0.0428733 0.0187283
1 0.629793 0.609836 0.007831 0.0389949 0.0179894
0 0.862142 0.611651 0.0164093 0.108668 0.0147439
0 0.632105 0.6154 0.0131435 0.0452618 0.0140338
0 0.629038 0.619088 0.0105117 0.0474844 0.013348
0 0.629793 0.609836 0.007831 0.0389949 0.0132259
1 0.862142 0.611651 0.0164093 0.108668 0.0127466
0 0.74612 0.635982 0.0241045 0.0436537 0.0124106
1 0.108061 0.626058 0.0095015 0.0446124 0.0123906
1 0.575807 0.612888 0.00688429 0.0431573 0.0103904
1 0.760479 0.631824 0.0139596 0.0352889 0.0082825
0 0.479691 0.596137 0.0065362 0.0429612 0.00820666
0 0.781453 0.620069 0.0137275 0.0583711 0.00757392
1 0.482163 0.602113 0.00706329 0.0444005 0.00611863
0 0.6863 0.638421 0.0163122 0.0443941 0.00563397
1 0.781453 0.620069 0.0137275 0.0583711 0.00551435
0 0.796045 0.631621 0.0125666 0.0453257 0.00503044
0 0.68084 0.607678 0.0148737 0.067142 0.00435455
1 0.632105 0.6154 0.0131435 0.0452618 0.00332306
1 0.511606 0.604145 0.0136613 0.0437614 0.00310761
1 0.863988 0.645958 0.00798893 0.0500073 0.00279019
1 0.800812 0.609538 0.0112625 0.0539011 0.00252888
1 0.749633 0.634158 0.0173447 0.0456131 0.00243364
0 0.50995 0.611718 0.0139212 0.053425 0.00239531
1 0.808163 0.634197 0.0086092 0.0398127 0.00227808
2 0.745047 0.635004 0.0166088 0.0400783 0.00198807
0 0.511606 0.604145 0.0136613 0.0437614 0.00198396
4 0.780818 0.624839 0.00982513 0.0464934 0.00186717
1 0.480322 0.596294 0.0120218 0.0443375 0.0018456
1 0.108647 0.618528 0.0121601 0.061176 0.0018072
0 0.695034 0.630626 0.0235437 0.0594185 0.00178186
4 0.744863 0.634669 0.0155971 0.0388285 0.00177104
1 0.340242 0.586667 0.00551991 0.0250145 0.0017248
1 0.50995 0.611718 0.0139212 0.053425 0.00171689
1 0.183157 0.615984 0.00731001 0.0307439 0.00170338
2 0.780473 0.626703 0.011153 0.0441601 0.00169879
3 0.780818 0.624839 0.00982513 0.0464934 0.0016941
2 0.689271 0.643449 0.0167638 0.0468093 0.00169248
4 0.689047 0.6416 0.0146973 0.0428733 0.0016538
5 0.689291 0.64206 0.0153658 0.0417915 0.00155589
4 0.8053 0.627371 0.00740757 0.0330695 0.00154671
4 0.639876 0.617267 0.00896997 0.0453499 0.00153442
0 0.863106 0.636424 0.00725956 0.0487268 0.00149787
5 0.744702 0.63499 0.0154561 0.0381206 0.00144832
2 0.639876 0.617267 0.00896997 0.0453499 0.00140687
1 0.297436 0.605341 0.00760527 0.0351446 0.00136494
3 0.689316 0.642126 0.0155571 0.0419524 0.00134211
4 0.752006 0.633185 0.0175256 0.0354828 0.00132461
4 0.863037 0.631706 0.00879269 0.0630725 0.00132141
5 0.780818 0.624839 0.00982513 0.0464934 0.00129756
3 0.639489 0.618253 0.00914593 0.0439963 0.00128341
3 0.744863 0.634669 0.0155971 0.0388285 0.00127629
1 0.806906 0.623618 0.013579 0.0477969 0.00125988
2 0.751784 0.632771 0.0178055 0.0347307 0.0012568
1 0.86465 0.638516 0.0129541 0.0531729 0.00124151
3 0.863045 0.636863 0.00930328 0.0482209 0.00122008
3 0.805205 0.622895 0.00910473 0.0414294 0.00117475
1 0.796045 0.631621 0.0125666 0.0453257 0.00116257
5 0.639829 0.617147 0.00966721 0.0442339 0.00116048
0 0.800812 0.609538 0.0112625 0.0539011 0.00115535
5 0.751784 0.632771 0.0178055 0.0347307 0.00111301
1 0.298078 0.597373 0.00636621 0.0312603 0.00104858
0 0.856381 0.590951 0.0115484 0.0687817 0.00104729
1 0.575004 0.60959 0.0122614 0.0497607 0.0010324
0 0.574321 0.610501 0.00642023 0.0452156 0.00101072
