0 0.177959 0.579125 0.0089057 0.0344372 0.264085
1 0.178052 0.578556 0.00870596 0.0350859 0.262414
1 0.0944204 0.564353 0.00811329 0.0553563 0.256503
1 0.0329686 0.546895 0.00942422 0.0749032 0.234641
1 0.0667982 0.560855 0.00815009 0.0636746 0.208599
3 0.841247 0.399222 0.0280104 0.0803798 0.111691
3 0.84011 0.48131 0.0315865 0.225252 0.0254829
0 0.618956 0.640034 0.0199677 0.0564263 0.0250663
0 0.178284 0.57806 0.0134544 0.0384516 0.0237429
1 0.224731 0.57896 0.0127812 0.0429685 0.0214358
1 0.783961 0.575517 0.00830116 0.062103 0.0209629
1 0.272184 0.727685 0.016986 0.105164 0.0182077
1 0.819065 0.552654 0.0107319 0.0805625 0.0170559
1 0.220446 0.580387 0.0102846 0.0429969 0.015298
1 0.211352 0.578277 0.011097 0.0403869 0.014367
0 0.621047 0.631321 0.0140256 0.0457854 0.0140103
1 0.258867 0.739155 0.024239 0.122577 0.0128081
1 0.276222 0.723056 0.0192454 0.101858 0.00983329
1 0.219009 0.578432 0.0166124 0.0422161 0.00965934
1 0.348986 0.673573 0.00846744 0.057028 0.00939806
1 0.293881 0.713414 0.0158868 0.109364 0.00920971
1 0.28232 0.721375 0.0188257 0.109606 0.00917724
1 0.0945166 0.562339 0.0127514 0.0595081 0.00868965
1 0.20801 0.575468 0.00920882 0.0385689 0.00850309
1 0.0667342 0.560838 0.0129041 0.0697085 0.00748383
0 0.211793 0.577964 0.0123108 0.0390358 0.00611311
1 0.228873 0.58065 0.00955415 0.0440833 0.00590455
1 0.595747 0.638533 0.0105639 0.071617 0.00571529
1 0.230296 0.575442 0.00987644 0.0405611 0.00511503
1 0.249029 0.745302 0.0299849 0.135769 0.0050405
1 0.350654 0.667445 0.0114798 0.0565652 0.00496546
1 0.175996 0.571492 0.0118459 0.0498044 0.00470263
1 0.821483 0.55398 0.0170454 0.0883094 0.00437108
0 0.595726 0.638914 0.0118201 0.0643216 0.00427428
0 0.219518 0.578474 0.0172912 0.0419079 0.00426142
1 0.785447 0.588585 0.00822906 0.0861259 0.00419804
1 0.178284 0.57806 0.0134544 0.0384516 0.00417196
1 0.0921312 0.568635 0.00924284 0.0554305 0.0041185
0 0.220446 0.580387 0.0102846 0.0429969 0.00401686
1 0.247721 0.572525 0.00770478 0.0436981 0.0040163
1 0.320992 0.69356 0.0112869 0.0719198 0.00384297
1 0.767985 0.628812 0.0190213 0.124061 0.00376796
1 0.838733 0.489525 0.0303427 0.214369 0.00317872
0 0.0944724 0.563428 0.00889213 0.0551712 0.00306964
1 0.621434 0.624853 0.0121726 0.0377667 0.00300445
1 0.243214 0.574551 0.0105956 0.0390343 0.00296636
0 0.188665 0.579733 0.0111848 0.035532 0.0029178
0 0.6013 0.642408 0.0204626 0.0630441 0.00285317
2 0.841247 0.399222 0.0280104 0.0803798 0.00271912
1 0.289787 0.720045 0.0172541 0.0983712 0.00269505
1 0.235147 0.754879 0.0338189 0.134383 0.00263222
1 0.299772 0.706168 0.0158238 0.0905779 0.00262404
1 0.359518 0.658467 0.00949903 0.0671865 0.00252015
0 0.0326768 0.546792 0.0101255 0.0765005 0.00238303
1 0.687171 0.616588 0.0124064 0.03854 0.00235028
0 0.225215 0.57884 0.0141841 0.0430001 0.00226766
1 0.0332151 0.544663 0.0152346 0.0753581 0.00224838
1 0.222172 0.76011 0.0324156 0.139736 0.00216959
0 0.207562 0.580512 0.00964346 0.0414459 0.00207604
1 0.841247 0.399222 0.0280104 0.0803798 0.00197339
1 0.511233 0.605519 0.00694075 0.0305644 0.00194737
4 0.178052 0.578556 0.00870596 0.0350859 0.0018718
1 0.0304954 0.552219 0.0130492 0.0792798 0.00178584
1 0.24983 0.57387 0.00934796 0.0402044 0.00175379
4 0.841247 0.399222 0.0280104 0.0803798 0.00173482
0 0.841419 0.399771 0.0280153 0.0834897 0.00170071
0 0.174145 0.581268 0.0095631 0.0310203 0.00168697
1 0.683449 0.619006 0.0109209 0.0427165 0.00167898
2 0.178052 0.578556 0.00870596 0.0350859 0.00161845
1 0.310329 0.695424 0.016271 0.0901589 0.00154261
3 0.0326768 0.546792 0.0101255 0.0765005 0.00151468
1 0.318489 0.69785 0.011054 0.0625651 0.00148655
1 0.188665 0.579733 0.0111848 0.035532 0.00135109
1 0.210533 0.775091 0.0421125 0.130832 0.00129912
0 0.0666885 0.559916 0.00924451 0.0641892 0.00126465
0 0.511233 0.605519 0.00694075 0.0305644 0.00120696
0 0.61391 0.630112 0.0174031 0.053775 0.00120655
1 0.598566 0.641639 0.0162393 0.0602749 0.00117144
1 0.351443 0.606453 0.0087007 0.06999 0.00116903
1 0.125925 0.561695 0.00937297 0.0631458 0.00116254
2 0.0327029 0.550046 0.00988177 0.0732662 0.00112988
4 0.0945762 0.563923 0.00793879 0.0549332 0.00112244
1 0.366662 0.656228 0.00877676 0.0635137 0.00108483
2 0.0667982 0.560855 0.00815009 0.0636746 0.00105926
2 0.0944204 0.564353 0.00811329 0.0553563 0.00105559
4 0.0329686 0.546895 0.00942422 0.0749032 0.00105394
1 0.362213 0.660924 0.00998321 0.0452862 0.00104247
1 0.32482 0.691216 0.0119023 0.0637746 0.00100454
