3 0.199546 0.249371 0.0601916 0.127651 0.323364
3 0.726838 0.531596 0.080527 0.488258 0.068363
1 0.348704 0.66606 0.0103299 0.0752878 0.0397779
3 0.198803 0.423003 0.0658139 0.52024 0.0292706
1 0.696804 0.658231 0.00708323 0.0472341 0.00824713
1 0.850525 0.635597 0.00873413 0.0530557 0.00671243
3 0.175653 0.43799 0.112921 0.565724 0.00588479
0 0.199546 0.249371 0.0601916 0.127651 0.00542834
1 0.741609 0.754731 0.0131356 0.0856908 0.00431972
3 0.121962 0.357858 0.243924 0.687759 0.00422962
1 0.658847 0.670375 0.00744734 0.0292205 0.00415961
0 0.349222 0.666367 0.0116737 0.0760125 0.00294361
1 0.199737 0.251667 0.0614591 0.125969 0.00285267
1 0.279937 0.716946 0.00992761 0.0355889 0.00229805
3 0.719739 0.452604 0.0860095 0.348683 0.00224644
1 0.0869463 0.684257 0.0226269 0.110024 0.00207437
3 0.729603 0.503869 0.0723837 0.309126 0.00205883
3 0.188196 0.204957 0.0935502 0.24554 0.00194978
1 0.293467 0.716588 0.0110286 0.0302931 0.00191659
3 0.204671 0.226118 0.0697423 0.186509 0.00178645
2 0.198531 0.250111 0.069896 0.123884 0.00166441
1 0.646653 0.671106 0.00654125 0.0282802 0.00161893
4 0.199546 0.249371 0.0601916 0.127651 0.00146358
3 0.171191 0.402467 0.178469 0.655178 0.00133565
1 0.247216 0.697593 0.0206373 0.0405016 0.00133418
1 0.662216 0.66932 0.0112744 0.0303995 0.00129423
0 0.725764 0.532352 0.0801858 0.495817 0.00115455
1 0.74648 0.763203 0.0127549 0.0741752 0.00111767
3 0.714833 0.54103 0.146816 0.520732 0.00110297
1 0.277386 0.711879 0.0099164 0.0421483 0.00109285
5 0.200249 0.251366 0.0652115 0.126492 0.00109048
1 0.0904181 0.665073 0.0239846 0.131624 0.0010878
1 0.665252 0.670205 0.00891285 0.0331859 0.00106798
