1 0.298263 0.68045 0.0119222 0.103153 0.3003
1 0.18591 0.724754 0.0198292 0.0762146 0.178465
1 0.21737 0.736275 0.0101469 0.0336633 0.022405
1 0.696328 0.671273 0.00748358 0.0396152 0.0163811
1 0.934627 0.615886 0.00915146 0.0652946 0.01475
1 0.2408 0.736326 0.0105043 0.0365394 0.0085026
1 0.2336 0.736514 0.0121971 0.0344894 0.0071823
1 0.211144 0.73066 0.0130485 0.0539125 0.00660612
1 0.237677 0.733756 0.0124971 0.0395535 0.00622127
0 0.184925 0.724393 0.020877 0.0795641 0.00613042
1 0.300159 0.695746 0.0127849 0.0926442 0.00598602
1 0.196502 0.725992 0.0225794 0.0662294 0.0054046
1 0.216361 0.733989 0.0156902 0.0411102 0.00485256
1 0.207968 0.736766 0.0102138 0.0384482 0.00366392
1 0.676724 0.674602 0.00854168 0.0411007 0.00339231
2 0.184884 0.725083 0.0213559 0.0792857 0.00312043
1 0.297546 0.663161 0.0162714 0.128851 0.00292535
3 0.5 0.498031 1 0.996062 0.00275778
0 0.970891 0.618484 0.0114944 0.0541219 0.00228719
3 0.298263 0.68045 0.0119222 0.103153 0.00225313
3 0.104619 0.0846919 0.0736783 0.161934 0.00208986
4 0.18591 0.724754 0.0198292 0.0762146 0.00189618
0 0.298162 0.677138 0.013628 0.123826 0.0017774
1 0.970269 0.615109 0.00884895 0.0564421 0.00176478
1 0.720179 0.670133 0.00909405 0.0399207 0.00158463
3 0.18591 0.724754 0.0198292 0.0762146 0.00140912
5 0.298246 0.674326 0.0131716 0.112825 0.00132544
1 0.180309 0.725669 0.015988 0.0843301 0.00124134
2 0.298263 0.68045 0.0119222 0.103153 0.00120943
1 0.219001 0.729503 0.0119114 0.048813 0.00116252
5 0.18591 0.724754 0.0198292 0.0762146 0.00108659
1 0.204359 0.727236 0.0155929 0.062439 0.00107175
4 0.298263 0.68045 0.0119222 0.103153 0.00106256
