1 0.706842 0.804956 0.0246587 0.161676 0.859002
3 0.31355 0.69247 0.0660817 0.365047 0.433224
1 0.7322 0.790566 0.0210814 0.140921 0.337273
1 0.720971 0.791309 0.0175763 0.136791 0.120439
3 0.258417 0.234238 0.0709774 0.182867 0.0577615
3 0.941325 0.797238 0.107885 0.351554 0.0254261
1 0.773723 0.794933 0.0215508 0.182172 0.0205859
1 0.604334 0.663479 0.00801859 0.0647199 0.0114579
0 0.313066 0.699501 0.0648759 0.344473 0.0102614
0 0.706878 0.804807 0.0253645 0.162902 0.00881926
3 0.221003 0.5264 0.117954 0.4268 0.00843434
4 0.706902 0.804667 0.0257497 0.159793 0.00643963
2 0.706842 0.804956 0.0246587 0.161676 0.00561665
1 0.322616 0.771073 0.0343843 0.196032 0.0054562
4 0.30852 0.69 0.0762409 0.369113 0.00516421
1 0.648534 0.612985 0.0120044 0.0565576 0.00490906
3 0.302985 0.687466 0.154383 0.383249 0.00473606
5 0.706902 0.804667 0.0257497 0.159793 0.00448469
3 0.706878 0.804807 0.0253645 0.162902 0.00440436
1 0.863884 0.822785 0.0178463 0.136205 0.00439216
1 0.31355 0.69247 0.0660817 0.365047 0.00394597
1 0.605198 0.67335 0.00835981 0.0475565 0.00371385
1 0.939563 0.798691 0.104134 0.360997 0.00343704
3 0.240027 0.416896 0.0761691 0.202176 0.00327547
5 0.31355 0.69247 0.0660817 0.365047 0.00305512
3 0.308801 0.592554 0.0884269 0.403647 0.00302568
1 0.714729 0.807168 0.0480457 0.158566 0.00297148
1 0.721661 0.773064 0.0122602 0.105175 0.00289452
3 0.237899 0.599595 0.112405 0.548125 0.00260655
3 0.289145 0.705928 0.0934283 0.343358 0.00232406
3 0.310175 0.582192 0.0707698 0.141875 0.00213969
2 0.31355 0.69247 0.0660817 0.365047 0.00202201
1 0.655483 0.607976 0.0113115 0.0640222 0.00198901
3 0.197254 0.616457 0.0653911 0.212474 0.0019333
1 0.773059 0.758465 0.0185579 0.171341 0.00185832
1 0.70974 0.784525 0.0211125 0.138098 0.00181246
2 0.731013 0.793783 0.0197531 0.145359 0.00178759
1 0.652836 0.612535 0.0125306 0.0545052 0.0017479
1 0.641532 0.621844 0.00809193 0.0484069 0.00172431
3 0.315914 0.624491 0.0616473 0.239472 0.00165318
0 0.730323 0.795401 0.021841 0.14593 0.00164293
1 0.6443 0.615092 0.0117243 0.053197 0.00164144
3 0.731915 0.79111 0.0203974 0.143661 0.00161926
3 0.224533 0.426127 0.112819 0.239323 0.00158865
1 0.730002 0.604786 0.00581617 0.0411096 0.0015313
3 0.477634 0.452797 0.0656997 0.159432 0.00148008
5 0.731915 0.79111 0.0203974 0.143661 0.00144496
4 0.731013 0.793783 0.0197531 0.145359 0.0014361
1 0.728505 0.774138 0.0196642 0.129092 0.00135437
3 0.325002 0.734005 0.0420416 0.258025 0.00127697
0 0.259922 0.231759 0.0641383 0.184435 0.00124035
1 0.732939 0.699084 0.00947084 0.0861513 0.00121092
1 0.732099 0.610014 0.0077898 0.0491581 0.00120141
0 0.943984 0.792843 0.10959 0.374045 0.00118656
1 0.590189 0.687431 0.00704842 0.0336665 0.00114131
3 0.317225 0.585908 0.0846871 0.267001 0.00108712
3 0.322616 0.771073 0.0343843 0.196032 0.00103415
1 0.732404 0.707885 0.0136851 0.110477 0.00102674
3 0.265411 0.200152 0.0576398 0.126211 0.00100099
