1 0.202655 0.747042 0.0117355 0.0715615 0.777723
1 0.22981 0.753289 0.00933766 0.0652359 0.773904
1 0.182205 0.742173 0.00966511 0.0622942 0.760732
1 0.159951 0.737364 0.00992532 0.0598977 0.750914
1 0.273084 0.772858 0.0124196 0.0788964 0.735019
1 0.336934 0.749522 0.0112171 0.0692466 0.644777
1 0.320098 0.748986 0.0104564 0.0712189 0.590243
0 0.98914 0.696933 0.0212208 0.0747316 0.585516
1 0.241881 0.743787 0.00813408 0.0573374 0.566408
0 0.9515 0.685267 0.0139267 0.0605801 0.541873
1 0.333213 0.750337 0.0171376 0.069684 0.33781
1 0.277593 0.761798 0.0119806 0.0929523 0.24048
1 0.951564 0.685043 0.0138691 0.0638841 0.232074
1 0.282442 0.741785 0.00749197 0.062872 0.184079
1 0.317801 0.742159 0.00917859 0.0623003 0.151427
1 0.206148 0.753158 0.0167404 0.0695392 0.13477
1 0.170398 0.740817 0.0209055 0.0557446 0.098854
1 0.198663 0.743013 0.0137884 0.0657752 0.0736992
1 0.228907 0.752658 0.0148909 0.0725571 0.0580908
1 0.244534 0.743786 0.00850773 0.0617388 0.0255329
1 0.163166 0.739783 0.0101274 0.0645869 0.0189227
1 0.188308 0.747114 0.0151284 0.0648819 0.0103815
0 0.182046 0.741923 0.0103218 0.0606398 0.00936215
1 0.790009 0.670248 0.0128643 0.0878821 0.00917023
0 0.321297 0.753699 0.0147766 0.0718028 0.00913284
0 0.160042 0.737501 0.010489 0.0567795 0.00732078
1 0.281423 0.740991 0.0122594 0.0699738 0.00702566
0 0.953853 0.687202 0.0262934 0.0663881 0.00700128
0 0.229531 0.752736 0.0113042 0.0687454 0.00670404
1 0.282285 0.731573 0.00936565 0.0581565 0.00612958
0 0.332376 0.752699 0.0172277 0.0708647 0.00594592
0 0.336992 0.749779 0.0115851 0.0689621 0.00586525
0 0.273148 0.773254 0.0136298 0.0894287 0.00556754
1 0.24627 0.75496 0.0131409 0.072868 0.00533412
4 0.336346 0.751105 0.0155553 0.068612 0.00518238
1 0.989026 0.696372 0.0188841 0.0723433 0.00513829
0 0.200351 0.747924 0.0160675 0.0681498 0.00428924
0 0.241766 0.743812 0.00878677 0.0550342 0.00421168
0 0.591546 0.688854 0.0107722 0.0253399 0.00419458
4 0.31974 0.752062 0.0134434 0.0727493 0.00387655
3 0.272768 0.773001 0.0128406 0.0788289 0.00384078
2 0.272959 0.773018 0.0125805 0.0785678 0.00372228
4 0.159465 0.737071 0.0126619 0.0583708 0.00324869
3 0.202476 0.747717 0.011713 0.070962 0.00324584
2 0.336992 0.749779 0.0115851 0.0689621 0.00321044
3 0.181895 0.741899 0.0105544 0.0595976 0.00317823
2 0.229331 0.757169 0.0119181 0.066628 0.00309025
0 0.170398 0.740817 0.0209055 0.0557446 0.00285822
3 0.319196 0.748318 0.0109952 0.0706843 0.00276346
4 0.272913 0.772876 0.0142117 0.0839184 0.00272859
5 0.272815 0.773731 0.0136395 0.0811232 0.00271226
2 0.202655 0.747042 0.0117355 0.0715615 0.0026338
3 0.336992 0.749779 0.0115851 0.0689621 0.00249657
0 0.206148 0.753158 0.0167404 0.0695392 0.00249221
0 0.947975 0.692821 0.0140217 0.0614956 0.00246054
2 0.160042 0.737501 0.010489 0.0567795 0.00245867
3 0.229531 0.752736 0.0113042 0.0687454 0.00244735
4 0.22974 0.756219 0.0138898 0.0701528 0.00244441
3 0.1597 0.737986 0.0109797 0.0586628 0.00238869
2 0.182046 0.741923 0.0103218 0.0606398 0.00236844
0 0.318133 0.748852 0.0109111 0.0700987 0.00225638
1 0.278714 0.745399 0.00993042 0.0826608 0.00223828
4 0.332376 0.752699 0.0172277 0.0708647 0.00220452
4 0.182046 0.741923 0.0103218 0.0606398 0.00217935
4 0.951428 0.687284 0.0170549 0.0606155 0.00209922
2 0.320054 0.74871 0.0110108 0.0728407 0.00209602
5 0.336934 0.749522 0.0112171 0.0692466 0.00208259
2 0.951205 0.68754 0.0164661 0.062255 0.00204446
5 0.159888 0.737861 0.0105332 0.0598638 0.00200429
0 0.991884 0.686665 0.0144449 0.0702628 0.00199932
5 0.321297 0.753699 0.0147766 0.0718028 0.00198121
2 0.333213 0.750337 0.0171376 0.069684 0.00189802
1 0.241371 0.738344 0.0158328 0.0625887 0.00189404
5 0.202498 0.747328 0.011722 0.0686781 0.00182573
3 0.241766 0.743812 0.00878677 0.0550342 0.00179918
5 0.181895 0.741899 0.0105544 0.0595976 0.00179805
0 0.276661 0.763349 0.0124049 0.0963752 0.00179738
5 0.229531 0.752736 0.0113042 0.0687454 0.00173781
3 0.989725 0.696361 0.0193277 0.0756672 0.00166252
3 0.332376 0.752699 0.0172277 0.0708647 0.00161913
4 0.202498 0.747328 0.011722 0.0686781 0.0015819
3 0.277593 0.761798 0.0119806 0.0929523 0.00158033
0 0.282201 0.742088 0.00869355 0.0638082 0.00157072
3 0.951428 0.687284 0.0170549 0.0606155 0.00155767
4 0.241324 0.745478 0.00819879 0.0597804 0.00155464
2 0.989026 0.696372 0.0188841 0.0723433 0.00151773
5 0.333213 0.750337 0.0171376 0.069684 0.00149638
4 0.98914 0.696933 0.0212208 0.0747316 0.00145067
2 0.241766 0.743812 0.00878677 0.0550342 0.00130745
1 0.332021 0.751167 0.0297258 0.0765655 0.00122839
1 0.272765 0.770784 0.0216522 0.092669 0.00121015
5 0.241517 0.744607 0.00762472 0.0619617 0.00119611
5 0.951441 0.685618 0.0142918 0.0613174 0.00118987
1 0.592402 0.6864 0.0114326 0.0291531 0.00106744
1 0.228198 0.744832 0.00938611 0.0697778 0.00105263
5 0.277593 0.761798 0.0119806 0.0929523 0.00101363
