3 0.307054 0.306885 0.138409 0.61377 0.0320122
3 0.219412 0.539858 0.0504002 0.106735 0.0257482
3 0.323588 0.460567 0.0291604 0.258458 0.0250477
1 0.321891 0.67285 0.0123285 0.108894 0.016644
1 0.105657 0.698995 0.0186996 0.124451 0.0152278
1 0.323588 0.460567 0.0291604 0.258458 0.0130395
1 0.121786 0.539436 0.0083863 0.0659402 0.0119745
3 0.285199 0.293014 0.0846389 0.586029 0.00965332
1 0.158299 0.711231 0.0214987 0.136528 0.00725465
1 0.304387 0.685299 0.0171308 0.108057 0.00635792
1 0.312549 0.675175 0.0171686 0.115039 0.0037761
1 0.544018 0.596767 0.0101138 0.049084 0.00362796
0 0.219412 0.539858 0.0504002 0.106735 0.00356133
0 0.554896 0.601261 0.0177873 0.0587887 0.00282005
1 0.375525 0.643339 0.00868893 0.0782071 0.00267676
1 0.299167 0.684909 0.025015 0.121825 0.00267229
1 0.316676 0.679772 0.0170475 0.106582 0.00234546
3 0.230247 0.534322 0.0546737 0.127506 0.00220032
3 0.329216 0.369049 0.0900913 0.463678 0.00207053
1 0.281267 0.681731 0.0256514 0.142891 0.00189369
4 0.549488 0.159149 0.819888 0.318297 0.00155567
3 0.327759 0.462689 0.052844 0.267695 0.00150667
4 0.585267 0.0988866 0.720127 0.197773 0.00143344
1 0.494252 0.884323 0.0132681 0.0819495 0.00140611
1 0.236687 0.645428 0.0162863 0.173333 0.00131583
4 0.219412 0.539858 0.0504002 0.106735 0.00128325
1 0.144721 0.546327 0.0104481 0.0618955 0.00124713
0 0.544018 0.596767 0.0101138 0.049084 0.0012378
1 0.507846 0.885124 0.0119733 0.0760873 0.00122595
1 0.292879 0.676836 0.0313023 0.130826 0.00116637
1 0.504818 0.891632 0.0133571 0.0624052 0.00113985
1 0.97627 0.864861 0.0473288 0.109175 0.00113961
1 0.49567 0.897795 0.0114917 0.0638441 0.00109519
1 0.970706 0.773495 0.028516 0.128144 0.00109233
3 0.254409 0.305365 0.140612 0.61073 0.00107476
3 0.320865 0.402724 0.0458121 0.375726 0.0010728
1 0.302834 0.697692 0.0140404 0.0757585 0.0010618
1 0.230584 0.672056 0.0411873 0.217701 0.00100347
1 0.516619 0.900091 0.0131404 0.0659676 0.00100213
