4 0.688055 0.608809 0.0460955 0.114358 0.782471
1 0.787333 0.617029 0.0124693 0.0748841 0.214979
1 0.847976 0.620089 0.00669842 0.0455632 0.0565923
1 0.890268 0.550442 0.00576134 0.0370467 0.0548339
1 0.248639 0.625073 0.00639057 0.044901 0.016919
1 0.462243 0.597527 0.00550976 0.0297062 0.0139794
1 0.88884 0.549311 0.0049387 0.0336498 0.0127771
1 0.847886 0.617129 0.00960293 0.057244 0.00918675
1 0.359238 0.594868 0.00552273 0.0198905 0.00694801
1 0.998273 0.680187 0.00345316 0.0546499 0.00658975
1 0.68701 0.607301 0.0520858 0.108882 0.00647184
2 0.68701 0.607301 0.0520858 0.108882 0.00600095
0 0.68701 0.607301 0.0520858 0.108882 0.00591014
1 0.879671 0.623726 0.00708447 0.0524049 0.00587381
3 0.68701 0.607301 0.0520858 0.108882 0.00551959
5 0.686991 0.607561 0.0520593 0.111843 0.00435398
4 0.541063 0.522393 0.112643 0.230847 0.00338011
1 0.732651 0.665762 0.00972958 0.0826667 0.00309862
1 0.997337 0.681589 0.00424519 0.0506103 0.00213732
0 0.787442 0.617438 0.013522 0.0748684 0.00200824
1 0.359849 0.593575 0.00768538 0.0250529 0.00175757
4 0.787697 0.618006 0.0146544 0.0696503 0.00175403
1 0.919201 0.5696 0.00705509 0.0342004 0.00145354
1 0.890204 0.549214 0.0110474 0.0426214 0.00134164
1 0.972129 0.748206 0.0426519 0.180523 0.00134061
2 0.787333 0.617029 0.0124693 0.0748841 0.00126809
5 0.787442 0.617438 0.013522 0.0748684 0.00111627
4 0.673391 0.629669 0.219566 0.257584 0.00100603
