3 0.336986 0.623624 0.0351788 0.198275 0.395168
3 0.228877 0.561203 0.0575405 0.325568 0.120031
3 0.33527 0.58573 0.0355109 0.123981 0.0439654
3 0.487035 0.43959 0.0531291 0.136693 0.0321136
3 0.488401 0.538984 0.0562244 0.319532 0.0263997
1 0.654062 0.662754 0.00879345 0.057611 0.0201296
3 0.317235 0.412468 0.0727452 0.140104 0.0199624
1 0.223231 0.76745 0.0159588 0.125018 0.0186168
3 0.224889 0.642285 0.0523292 0.386828 0.0107502
3 0.325197 0.676878 0.061985 0.254644 0.00921999
3 0.223231 0.76745 0.0159588 0.125018 0.00817632
3 0.336774 0.609687 0.0541763 0.273011 0.00725807
1 0.336986 0.623624 0.0351788 0.198275 0.00573928
0 0.336986 0.623624 0.0351788 0.198275 0.00454711
3 0.327759 0.571664 0.0754189 0.404274 0.00451306
1 0.630361 0.660658 0.00863752 0.0571495 0.00430564
1 0.64742 0.662542 0.00899553 0.0579635 0.00426905
4 0.524493 0.118167 0.786754 0.236334 0.00398332
3 0.221046 0.696424 0.0237019 0.203511 0.00320066
0 0.228295 0.558334 0.0563447 0.310871 0.00318389
3 0.494655 0.5918 0.0732196 0.392299 0.00277077
2 0.336986 0.623624 0.0351788 0.198275 0.00275677
3 0.315467 0.703895 0.0606791 0.210876 0.00266207
4 0.336986 0.623624 0.0351788 0.198275 0.00247481
1 0.221046 0.696424 0.0237019 0.203511 0.00207098
5 0.336986 0.623624 0.0351788 0.198275 0.00202479
1 0.36012 0.738474 0.012913 0.0803162 0.00151044
3 0.335571 0.558291 0.0277749 0.0645211 0.00150815
3 0.242142 0.574771 0.173389 0.403257 0.00150247
3 0.851018 0.616256 0.0717327 0.178585 0.0014619
1 0.363413 0.738174 0.0119649 0.0753479 0.00136536
3 0.33413 0.681891 0.0361753 0.211895 0.00130598
1 0.228295 0.558334 0.0563447 0.310871 0.00120509
1 0.633602 0.66169 0.0108112 0.053679 0.00118336
3 0.488824 0.416693 0.0505918 0.0874863 0.00116507
1 0.654558 0.662722 0.0141546 0.0598682 0.00107908
1 0.306159 0.71028 0.0683856 0.166069 0.00103269
