4 0.477705 0.53335 0.133039 0.317233 0.0340274
3 0.621442 0.0558913 0.0640523 0.101079 0.00704771
1 0.612305 0.59497 0.00712376 0.0363957 0.00502231
4 0.353086 0.619401 0.0500205 0.115585 0.00336766
1 0.71 0.586593 0.0088892 0.043387 0.00274027
5 0.477 0.532301 0.131886 0.317741 0.00183914
1 0.557953 0.61039 0.00869608 0.0499017 0.00177515
1 0.5562 0.615335 0.00899649 0.0396356 0.00154437
1 0.617332 0.585405 0.0089961 0.0416315 0.00150652
4 0.34878 0.600373 0.0370144 0.0874792 0.00125575
1 0.972485 0.732608 0.048061 0.237301 0.00105272
1 0.575279 0.593077 0.014526 0.055937 0.00104452
