3 0.172111 0.643743 0.0615692 0.239527 0.483317
3 0.651634 0.632318 0.04799 0.297554 0.100173
1 0.175099 0.64816 0.0622951 0.220082 0.0305606
1 0.687296 0.691719 0.00572577 0.0373489 0.0248252
1 0.641827 0.687839 0.00777359 0.0604821 0.0181403
1 0.716162 0.69542 0.005797 0.0458986 0.0142814
1 0.689131 0.691375 0.00514565 0.0404731 0.0133869
0 0.172111 0.643743 0.0615692 0.239527 0.0119074
3 0.31606 0.739872 0.0508196 0.132376 0.0110632
3 0.645492 0.560482 0.0575897 0.28923 0.0106606
3 0.647726 0.533716 0.0513968 0.108852 0.00868126
1 0.599027 0.777959 0.00998898 0.0822222 0.00805593
1 0.640719 0.694949 0.0068696 0.0464455 0.00741291
3 0.168738 0.609355 0.0567717 0.154174 0.00682349
3 0.653386 0.551961 0.0529152 0.182575 0.00662815
3 0.184337 0.46245 0.0358854 0.219851 0.00501477
1 0.68949 0.693659 0.00779448 0.0425385 0.00391445
1 0.651281 0.6043 0.0468133 0.22529 0.00381374
1 0.644152 0.681176 0.0111438 0.0691147 0.00373769
1 0.612509 0.639959 0.0146908 0.110427 0.0035304
3 0.158825 0.647556 0.166183 0.29565 0.00324676
4 0.171341 0.646996 0.0599412 0.241277 0.00322799
3 0.175087 0.487196 0.0642006 0.311985 0.00304414
2 0.171341 0.646996 0.0599412 0.241277 0.00301439
0 0.651634 0.632318 0.04799 0.297554 0.00299934
1 0.915171 0.665049 0.00894547 0.0676305 0.00293268
1 0.617798 0.712095 0.0103863 0.0973031 0.00287045
3 0.165423 0.57822 0.0565195 0.107993 0.00252349
0 0.316023 0.739682 0.051358 0.127694 0.00249531
5 0.170816 0.643186 0.0617992 0.234183 0.00222886
1 0.638367 0.699842 0.00716677 0.0400514 0.00220975
1 0.882921 0.667281 0.00821533 0.0615896 0.00175516
1 0.747391 0.698026 0.00988951 0.0600328 0.00172715
1 0.714623 0.698667 0.00687256 0.0476276 0.00167667
3 0.183325 0.510888 0.0438868 0.297607 0.0015764
1 0.66344 0.774945 0.016054 0.0893911 0.0015576
1 0.315921 0.74336 0.044887 0.127101 0.00131011
