3 0.111954 0.543816 0.0644567 0.410447 0.507598
3 0.110202 0.452504 0.0617788 0.235645 0.417801
3 0.110815 0.401569 0.0612256 0.142032 0.377623
3 0.46525 0.363039 0.0649316 0.13278 0.143485
1 0.164744 0.781809 0.0297187 0.124984 0.0188728
1 0.199931 0.775764 0.0171463 0.117396 0.0185537
1 0.798533 0.638649 0.0144426 0.127705 0.018301
1 0.668899 0.671078 0.0109929 0.0553293 0.0163573
1 0.123292 0.802361 0.0135354 0.127491 0.0146011
1 0.672686 0.669376 0.0089036 0.0555361 0.0128146
1 0.194776 0.775233 0.0170754 0.117025 0.0120677
1 0.24722 0.758801 0.0172573 0.105583 0.011865
1 0.635858 0.666527 0.0100887 0.0596199 0.00876561
3 0.46746 0.505136 0.0640826 0.387392 0.00858695
1 0.823716 0.651406 0.017062 0.105581 0.00762066
4 0.493026 0.11762 0.914339 0.23524 0.00747371
1 0.246695 0.714101 0.0127979 0.0567491 0.00736894
3 0.643215 0.552989 0.0433902 0.27113 0.00721881
0 0.463093 0.363084 0.0677103 0.132549 0.00701544
0 0.111954 0.543816 0.0644567 0.410447 0.0054798
0 0.110202 0.452504 0.0617788 0.235645 0.00547465
3 0.127954 0.546931 0.1485 0.416383 0.00528663
0 0.110815 0.401569 0.0612256 0.142032 0.00505185
1 0.657743 0.670813 0.0108284 0.0529087 0.00475488
1 0.109671 0.403873 0.0643795 0.140087 0.0045241
1 0.205646 0.773114 0.0135452 0.117325 0.00411716
3 0.106712 0.597778 0.0793639 0.55722 0.00406096
1 0.870283 0.545095 0.0074543 0.0559037 0.00373837
1 0.236443 0.765462 0.0154205 0.112547 0.00298168
3 0.203277 0.432389 0.0635205 0.597902 0.00288668
1 0.645668 0.66448 0.00979605 0.0631496 0.00286878
4 0.463093 0.363084 0.0677103 0.132549 0.00279732
1 0.110202 0.452504 0.0617788 0.235645 0.00275198
3 0.104496 0.484177 0.155995 0.35431 0.00263037
1 0.112439 0.543665 0.0659214 0.400442 0.00262777
1 0.16497 0.789954 0.0209243 0.0982176 0.00249543
1 0.677122 0.671051 0.00982475 0.0561621 0.00239698
1 0.247345 0.732113 0.0130582 0.0779946 0.00233036
2 0.110587 0.405522 0.0629405 0.140358 0.00231759
4 0.109843 0.404421 0.0645293 0.141525 0.00210486
1 0.123852 0.788794 0.00899954 0.0814104 0.00208956
1 0.219125 0.772291 0.0146323 0.113888 0.00208722
5 0.111318 0.543353 0.0670847 0.416676 0.00200988
1 0.86996 0.5444 0.0110138 0.0641691 0.00200029
1 0.463093 0.363084 0.0677103 0.132549 0.00190616
4 0.111954 0.543816 0.0644567 0.410447 0.0018683
2 0.111954 0.543816 0.0644567 0.410447 0.00185181
5 0.109843 0.404421 0.0645293 0.141525 0.00173567
1 0.190871 0.765194 0.0151575 0.112806 0.00169549
4 0.503438 0.104082 0.634435 0.201893 0.00165179
1 0.645659 0.670588 0.0142316 0.0520953 0.00164073
4 0.110202 0.452504 0.0617788 0.235645 0.00150158
0 0.248533 0.719181 0.0182741 0.0614727 0.0014788
2 0.110202 0.452504 0.0617788 0.235645 0.00142705
1 0.298932 0.684338 0.00730057 0.0394382 0.00135688
5 0.110202 0.452504 0.0617788 0.235645 0.00127257
3 0.104455 0.394586 0.170107 0.248525 0.00127007
3 0.494528 0.142162 0.924319 0.284323 0.00111969
1 0.801283 0.608552 0.0174284 0.15617 0.00106834
1 0.824676 0.656239 0.0123341 0.0730311 0.00102248
