1 0.731482 0.783057 0.0134796 0.11451 0.856533
1 0.7672 0.797436 0.0154047 0.131632 0.844805
1 0.878429 0.834434 0.0249559 0.187516 0.841913
1 0.702701 0.770311 0.0122555 0.101129 0.830456
1 0.680238 0.762676 0.0111397 0.0895464 0.820802
1 0.811226 0.813109 0.0184006 0.155021 0.743415
1 0.63452 0.740771 0.00820694 0.0678665 0.695518
1 0.662212 0.755157 0.010474 0.0814941 0.666976
1 0.647198 0.746146 0.00850859 0.0728492 0.665746
1 0.591698 0.729749 0.00668364 0.0492359 0.66355
1 0.62114 0.737151 0.00842171 0.0619524 0.580953
1 0.962319 0.86531 0.0427763 0.248531 0.346083
1 0.6045 0.731052 0.0103372 0.0536419 0.280692
1 0.55892 0.714664 0.00818691 0.039719 0.17951
1 0.597339 0.731547 0.016794 0.0511197 0.179336
1 0.561569 0.71788 0.00669699 0.0381014 0.133602
1 0.676287 0.760518 0.013544 0.0842163 0.0921513
1 0.563974 0.716793 0.00715494 0.0403346 0.0765666
1 0.546931 0.713498 0.00776272 0.0333547 0.0634083
1 0.593117 0.734505 0.00691013 0.0492376 0.0510417
1 0.651304 0.748506 0.0172196 0.0770704 0.0500605
1 0.619058 0.731854 0.00909567 0.055299 0.0469048
1 0.591687 0.729496 0.0109972 0.0526109 0.0343768
1 0.557384 0.716534 0.0151665 0.0388624 0.0202746
1 0.634306 0.740006 0.0133926 0.061539 0.018666
1 0.647287 0.757256 0.00654268 0.0633104 0.0183839
3 0.962134 0.863217 0.0418283 0.245989 0.0178601
1 0.619968 0.73464 0.013553 0.0645174 0.0169768
1 0.615017 0.735097 0.0174132 0.053322 0.0166119
1 0.628279 0.738482 0.0161134 0.0628106 0.0162165
3 0.812321 0.813492 0.0182926 0.154855 0.0108957
3 0.878041 0.834762 0.022776 0.184832 0.008201
0 0.878972 0.833836 0.0229492 0.188442 0.00769655
2 0.878223 0.834472 0.0252964 0.189365 0.00630044
4 0.878109 0.834746 0.025876 0.186613 0.00575982
3 0.766533 0.797662 0.0156816 0.133041 0.00561213
5 0.878109 0.834746 0.025876 0.186613 0.00541787
2 0.766685 0.796586 0.0153787 0.135852 0.0053817
1 0.728 0.782242 0.0287714 0.120646 0.0052634
0 0.702061 0.771422 0.0129704 0.0971112 0.00521377
3 0.730884 0.781816 0.0150126 0.111614 0.00521299
2 0.811226 0.813109 0.0184006 0.155021 0.00492853
5 0.812321 0.813492 0.0182926 0.154855 0.00486357
3 0.680105 0.762124 0.0111069 0.0848241 0.00470474
0 0.766533 0.797662 0.0156816 0.133041 0.00433215
4 0.593359 0.7306 0.00829706 0.0505881 0.00398936
0 0.731004 0.783175 0.0140174 0.115494 0.00374321
0 0.811226 0.813109 0.0184006 0.155021 0.00374083
1 0.766049 0.793907 0.0240767 0.142836 0.00373855
4 0.811451 0.813745 0.018965 0.15592 0.00368316
0 0.546931 0.713498 0.00776272 0.0333547 0.00366348
3 0.702061 0.771422 0.0129704 0.0971112 0.00354283
0 0.67985 0.762411 0.0112473 0.087707 0.00348662
1 0.561717 0.717144 0.0127679 0.0426022 0.00338876
0 0.962349 0.864252 0.0399303 0.243585 0.00337309
2 0.96232 0.862272 0.0417114 0.245231 0.00316249
5 0.767053 0.797615 0.0155985 0.133477 0.00312967
0 0.621005 0.737341 0.00916824 0.0589537 0.0029952
2 0.67985 0.762411 0.0112473 0.087707 0.00293931
2 0.546931 0.713498 0.00776272 0.0333547 0.00289689
0 0.591628 0.729515 0.00767765 0.0481437 0.00279091
1 0.701166 0.772295 0.0234718 0.102642 0.00275857
1 0.531486 0.708785 0.0107398 0.0323352 0.00273107
1 0.53594 0.712266 0.0120399 0.03286 0.00271862
2 0.731336 0.783831 0.0130344 0.110795 0.00263866
5 0.962134 0.863217 0.0418283 0.245989 0.00261884
4 0.766685 0.796586 0.0153787 0.135852 0.00249627
5 0.731262 0.784254 0.0147234 0.118446 0.00244551
0 0.634267 0.741028 0.0088769 0.0658856 0.00242887
4 0.962134 0.863217 0.0418283 0.245989 0.00235617
1 0.544723 0.710137 0.0103027 0.034887 0.00228411
2 0.702501 0.770305 0.0121205 0.10059 0.00221406
0 0.646896 0.746505 0.00919676 0.0722456 0.00216519
5 0.702266 0.770349 0.0129186 0.102917 0.00215533
1 0.65728 0.739423 0.0124719 0.0644396 0.00204272
3 0.646194 0.744787 0.00909748 0.0712399 0.00201886
3 0.662212 0.755157 0.010474 0.0814941 0.00198713
4 0.731227 0.784146 0.0136908 0.113085 0.00190394
4 0.67985 0.762411 0.0112473 0.087707 0.00185791
3 0.633291 0.739835 0.00946703 0.0673335 0.00174276
5 0.680626 0.762024 0.010663 0.0860085 0.00172581
5 0.593147 0.730351 0.00852032 0.0504957 0.00171668
3 0.620364 0.735327 0.00992727 0.0602529 0.0016648
4 0.702701 0.770311 0.0122555 0.101129 0.00165478
0 0.660695 0.750031 0.010585 0.0776978 0.00163487
4 0.621005 0.737341 0.00916824 0.0589537 0.00161745
4 0.546931 0.713498 0.00776272 0.0333547 0.00161723
1 0.555858 0.710164 0.00936279 0.0353916 0.00154606
5 0.660143 0.750027 0.0108271 0.0757723 0.00154474
1 0.588426 0.727418 0.00561924 0.0477509 0.0015263
2 0.621005 0.737341 0.00916824 0.0589537 0.00149603
0 0.660682 0.755596 0.016485 0.0800961 0.0014785
1 0.633173 0.730933 0.00810919 0.0619571 0.00145689
4 0.634267 0.741028 0.0088769 0.0658856 0.00144895
3 0.604649 0.731888 0.0114936 0.052572 0.00144525
4 0.561569 0.71788 0.00669699 0.0381014 0.00142129
1 0.557068 0.714653 0.0260203 0.0409044 0.00137367
4 0.646896 0.746505 0.00919676 0.0722456 0.00137225
0 0.651304 0.748506 0.0172196 0.0770704 0.00127401
5 0.647198 0.746146 0.00850859 0.0728492 0.00126605
2 0.634267 0.741028 0.0088769 0.0658856 0.00126336
2 0.646896 0.746505 0.00919676 0.0722456 0.0012458
4 0.660515 0.750067 0.0103277 0.0773565 0.00124113
2 0.662137 0.755668 0.0117832 0.0823512 0.00120897
0 0.421699 0.342318 0.0486721 0.0669588 0.00116353
0 0.604649 0.731888 0.0114936 0.052572 0.00115763
1 0.731616 0.80158 0.0109318 0.0905024 0.00115647
2 0.55892 0.714664 0.00818691 0.039719 0.00113513
2 0.7278 0.780751 0.0208276 0.111722 0.00113305
1 0.546937 0.713434 0.0141315 0.0390772 0.00112364
4 0.55892 0.714664 0.00818691 0.039719 0.00111153
5 0.63452 0.740771 0.00820694 0.0678665 0.00109353
2 0.593359 0.7306 0.00829706 0.0505881 0.00106728
5 0.62049 0.734734 0.00888567 0.0608841 0.00103163
2 0.604592 0.731496 0.00939808 0.0520281 0.00102256
