1 0.857782 0.842251 0.0276291 0.185248 0.935825
1 0.75471 0.798437 0.0145121 0.128757 0.86901
1 0.72078 0.782457 0.0140676 0.110953 0.854126
1 0.694783 0.771756 0.0113602 0.0988744 0.822274
1 0.801217 0.818124 0.0177988 0.148971 0.807581
1 0.657353 0.758826 0.00934792 0.078941 0.786018
1 0.672916 0.763535 0.0103489 0.0916533 0.711754
1 0.640717 0.750414 0.0109224 0.0717036 0.706705
1 0.621824 0.738996 0.010996 0.0631638 0.408504
1 0.624818 0.741491 0.0116567 0.0640381 0.399568
1 0.606402 0.731226 0.0131232 0.0565243 0.185611
1 0.606403 0.735276 0.00886173 0.0556719 0.164279
1 0.571308 0.721351 0.00689507 0.0430276 0.163601
1 0.586188 0.725234 0.0103464 0.0475521 0.156321
1 0.592245 0.728067 0.00977211 0.0523295 0.102997
1 0.396892 0.70637 0.00802069 0.0327401 0.0892687
1 0.598546 0.729231 0.0159122 0.0520623 0.0801613
1 0.66822 0.76051 0.0207171 0.0836355 0.0627296
1 0.581558 0.723113 0.00985909 0.0482147 0.0414213
1 0.615483 0.737125 0.0181096 0.0563526 0.0327929
1 0.560114 0.716453 0.00819759 0.0405613 0.0271313
0 0.857661 0.841684 0.027129 0.189319 0.0105611
3 0.857502 0.842852 0.0272234 0.188463 0.0100638
1 0.656183 0.753643 0.0144236 0.0834437 0.0091885
2 0.857356 0.842559 0.026919 0.185437 0.00894191
2 0.396892 0.70637 0.00802069 0.0327401 0.00874717
1 0.593377 0.734582 0.00784845 0.0451089 0.00855583
5 0.857595 0.842316 0.0280844 0.187517 0.00839101
4 0.857595 0.842316 0.0280844 0.187517 0.00830976
3 0.800801 0.817441 0.0174553 0.153215 0.00710246
1 0.54416 0.713124 0.00946503 0.0355589 0.00708134
0 0.6567 0.757477 0.00979643 0.0751183 0.00575987
3 0.755039 0.799784 0.0149652 0.134875 0.0057565
1 0.592273 0.72792 0.0161704 0.0531265 0.00554459
0 0.720284 0.782601 0.0148289 0.111909 0.00505252
1 0.754697 0.799512 0.0226568 0.141997 0.00501585
1 0.13808 0.78451 0.0141803 0.109363 0.00496506
0 0.800801 0.817441 0.0174553 0.153215 0.00480059
0 0.396668 0.707462 0.00698967 0.0348226 0.00474036
3 0.72078 0.782457 0.0140676 0.110953 0.00454753
1 0.634963 0.740916 0.0139461 0.0640949 0.00448679
0 0.754706 0.798373 0.0148459 0.130804 0.00431989
5 0.800885 0.818322 0.0171415 0.150019 0.00426032
1 0.617087 0.73117 0.00997944 0.0556724 0.00422249
2 0.800254 0.818568 0.0181972 0.153702 0.00398034
4 0.800885 0.818322 0.0171415 0.150019 0.00368773
0 0.694517 0.771356 0.011104 0.098054 0.00362597
1 0.556495 0.717761 0.0120683 0.0403266 0.00358447
3 0.695379 0.776389 0.0135977 0.106953 0.00342899
5 0.755039 0.799784 0.0149652 0.134875 0.00309162
1 0.397073 0.706259 0.012628 0.0385142 0.00306205
2 0.755111 0.799613 0.0155019 0.134069 0.00282278
1 0.570988 0.719974 0.0127092 0.0450489 0.00278636
0 0.641045 0.750745 0.01104 0.0758987 0.00272912
5 0.720712 0.782751 0.0143096 0.115872 0.0026483
2 0.657212 0.759004 0.00969744 0.0750036 0.00262406
1 0.113659 0.797574 0.0150871 0.103547 0.00257083
2 0.720497 0.783201 0.0134321 0.108025 0.0024962
3 0.640498 0.750398 0.0112637 0.0702991 0.00243007
1 0.532876 0.708557 0.00823994 0.0313039 0.00234509
0 0.672691 0.762361 0.010959 0.0867847 0.00227666
4 0.755111 0.799613 0.0155019 0.134069 0.00216902
3 0.672841 0.761529 0.0100797 0.0817824 0.00211711
4 0.720337 0.783353 0.0139045 0.110133 0.00210363
1 0.536525 0.711166 0.00986748 0.0335576 0.00202011
2 0.672691 0.762361 0.010959 0.0867847 0.00201487
2 0.694517 0.771356 0.011104 0.098054 0.00200599
3 0.6567 0.757477 0.00979643 0.0751183 0.00195044
5 0.695362 0.777273 0.0155093 0.107941 0.00193261
4 0.694517 0.771356 0.011104 0.098054 0.00173543
1 0.719514 0.781801 0.0229483 0.118206 0.00167148
2 0.640498 0.750398 0.0112637 0.0702991 0.00166195
4 0.657212 0.759004 0.00969744 0.0750036 0.00165341
1 0.581719 0.72282 0.0188781 0.0475872 0.00162817
3 0.624341 0.741922 0.012237 0.0614943 0.00161239
1 0.907852 0.961485 0.0101992 0.0400786 0.00160655
5 0.672841 0.761529 0.0100797 0.0817824 0.0015923
1 0.542467 0.709487 0.00993166 0.0350311 0.00153958
1 0.734032 0.962137 0.00683546 0.027682 0.00148793
3 0.0534086 0.329474 0.0965203 0.447631 0.00146521
5 0.640498 0.750398 0.0112637 0.0702991 0.00143581
4 0.672841 0.761529 0.0100797 0.0817824 0.00142032
3 0.750519 0.797308 0.0220644 0.128445 0.00139663
5 0.656946 0.757117 0.00936174 0.0758255 0.00135823
4 0.641359 0.750206 0.0100872 0.0746407 0.00127127
4 0.320161 0.51152 0.0512846 0.119021 0.00125848
4 0.396892 0.70637 0.00802069 0.0327401 0.0012348
1 0.16532 0.781981 0.0165664 0.116811 0.0012291
1 0.69379 0.769428 0.0286374 0.104809 0.00122561
3 0.620677 0.737404 0.0135751 0.0598475 0.00122401
0 0.66822 0.76051 0.0207171 0.0836355 0.0012007
4 0.621895 0.739224 0.0121853 0.0601669 0.00112875
2 0.621895 0.739224 0.0121853 0.0601669 0.0011103
1 0.807347 0.961577 0.00903626 0.0278227 0.00109501
1 0.116988 0.797288 0.0169331 0.122358 0.00105138
