4 0.856517 0.610296 0.100264 0.173971 0.767438
4 0.633104 0.535362 0.127396 0.25733 0.239878
1 0.20729 0.643763 0.00625272 0.0441293 0.0443405
5 0.631728 0.53157 0.125226 0.253219 0.0150255
0 0.858492 0.609447 0.0973953 0.17485 0.00818814
4 0.868397 0.620038 0.165729 0.2204 0.00771901
2 0.858492 0.609447 0.0973953 0.17485 0.00749565
5 0.856079 0.609932 0.10013 0.172096 0.00646062
1 0.857642 0.610638 0.099617 0.17643 0.00631202
3 0.857642 0.610638 0.099617 0.17643 0.00507342
4 0.815864 0.625584 0.0124416 0.0629188 0.004379
1 0.959392 0.550419 0.00610142 0.035408 0.00327462
1 0.81714 0.631327 0.0132971 0.0785976 0.00299748
1 0.205299 0.648378 0.00800605 0.0413675 0.00241003
1 0.968072 0.755541 0.0174696 0.119155 0.00218222
3 0.633104 0.535362 0.127396 0.25733 0.0018875
1 0.116598 0.673449 0.0144654 0.0313498 0.00174461
1 0.632564 0.535821 0.126786 0.257095 0.00158505
1 0.962278 0.753531 0.0247379 0.120408 0.00154253
4 0.640324 0.55967 0.172084 0.321011 0.00139428
0 0.631543 0.533972 0.12301 0.243641 0.00136648
1 0.403806 0.59722 0.00632153 0.0273154 0.00121323
2 0.633104 0.535362 0.127396 0.25733 0.00120964
