1 0.121965 0.778659 0.0468443 0.0985307 0.0384263
1 0.2836 0.662467 0.00808826 0.0457652 0.0240507
1 0.747186 0.491767 0.0120557 0.0779149 0.0126349
0 0.946902 0.385014 0.0134768 0.0754834 0.00486518
1 0.284555 0.658179 0.00986834 0.0625484 0.00445527
0 0.976263 0.868967 0.0464127 0.0923286 0.00345155
2 0.123468 0.779151 0.0511609 0.095439 0.00275279
1 0.284406 0.673126 0.00782633 0.0463826 0.00198404
1 0.946902 0.385014 0.0134768 0.0754834 0.00131123
0 0.122963 0.779908 0.0502518 0.0956221 0.00120124
1 0.74737 0.491103 0.0199594 0.091507 0.00114824
1 0.147566 0.565563 0.0101525 0.0410956 0.00107316
