3 0.132683 0.614769 0.0294402 0.214988 0.683759
3 0.340646 0.562262 0.0404146 0.251661 0.647471
1 0.405148 0.727625 0.0105792 0.053792 0.0415626
1 0.379404 0.734582 0.00962315 0.0603644 0.0322254
1 0.421173 0.725132 0.00890474 0.054434 0.0306573
1 0.436149 0.720716 0.00961161 0.0559718 0.0199123
1 0.39696 0.727833 0.0105512 0.0583388 0.0191786
4 0.489533 0.113472 0.959649 0.226943 0.0161897
1 0.132471 0.615713 0.0285532 0.211109 0.0160947
1 0.432965 0.722135 0.0126284 0.0553769 0.0158981
1 0.417496 0.725562 0.0113416 0.0524462 0.0154514
1 0.346101 0.690152 0.0120042 0.0891362 0.010986
3 0.133443 0.620458 0.0226216 0.130574 0.0077867
1 0.341738 0.560536 0.0392506 0.238839 0.00772706
1 0.410701 0.727388 0.0171085 0.053963 0.00643137
0 0.132966 0.615232 0.0292904 0.216943 0.00578932
1 0.381313 0.729503 0.010204 0.0660831 0.00524636
4 0.401631 0.101721 0.63928 0.203442 0.00511756
0 0.340968 0.562387 0.0405089 0.254873 0.00500325
2 0.340968 0.562387 0.0405089 0.254873 0.00388325
2 0.133277 0.61423 0.0293085 0.213005 0.00388218
4 0.133046 0.615037 0.029197 0.211751 0.00369359
5 0.132683 0.614769 0.0294402 0.214988 0.00364646
4 0.341111 0.561968 0.0405973 0.253133 0.00353469
5 0.340968 0.562387 0.0405089 0.254873 0.00333766
3 0.355994 0.566978 0.0720326 0.270231 0.00263433
1 0.398665 0.730053 0.0221586 0.0566399 0.00225337
4 0.549542 0.0964357 0.616218 0.181569 0.00203368
3 0.948442 0.486526 0.0993093 0.759691 0.00189825
3 0.653412 0.470739 0.0741297 0.138584 0.00172785
3 0.135985 0.616191 0.0481891 0.235567 0.00163383
1 0.391159 0.735881 0.00918941 0.0510969 0.00162418
3 0.489533 0.113472 0.959649 0.226943 0.0016051
1 0.40517 0.72618 0.0174443 0.0551731 0.00156892
1 0.345431 0.684846 0.0196986 0.127653 0.00141319
