4 0.404124 0.631415 0.0542062 0.165573 0.752035
4 0.494303 0.529768 0.129055 0.322832 0.192335
1 0.640415 0.564886 0.00623417 0.031616 0.0124836
1 0.66141 0.586513 0.00764751 0.0550698 0.0116983
1 0.66222 0.597006 0.00730848 0.0429019 0.0112457
0 0.404124 0.631415 0.0542062 0.165573 0.00823734
3 0.404124 0.631415 0.0542062 0.165573 0.00594109
1 0.404124 0.631415 0.0542062 0.165573 0.00573624
1 0.56598 0.557288 0.00646257 0.031745 0.0054281
5 0.404795 0.632272 0.0556522 0.171072 0.0051486
2 0.404542 0.632998 0.0565726 0.171949 0.00512302
1 0.606248 0.626362 0.00710983 0.034102 0.00509202
4 0.406959 0.638255 0.205913 0.274672 0.00294131
5 0.493724 0.530194 0.128867 0.330267 0.0028334
1 0.606897 0.616783 0.00719624 0.0422746 0.00268143
3 0.815806 0.071421 0.0677277 0.142842 0.0023389
1 0.608973 0.620282 0.00860796 0.03297 0.00222023
1 0.656479 0.567221 0.00650921 0.0406599 0.00206422
1 0.239981 0.617912 0.00548248 0.0255071 0.00200961
1 0.591884 0.628063 0.0116401 0.0478928 0.00172499
1 0.973996 0.73528 0.0447668 0.217198 0.0016176
1 0.179678 0.616069 0.00698299 0.0228093 0.00151457
3 0.494303 0.529768 0.129055 0.322832 0.00147467
0 0.815806 0.071421 0.0677277 0.142842 0.00130653
1 0.494303 0.529768 0.129055 0.322832 0.00127407
1 0.634995 0.569032 0.00671053 0.0326126 0.00122771
1 0.86618 0.58448 0.00768776 0.0278553 0.00118256
2 0.494303 0.529768 0.129055 0.322832 0.00111044
