0 0.185946 0.576299 0.0112516 0.0373287 0.389034
1 0.186162 0.577182 0.00997429 0.0381065 0.214604
1 0.774373 0.575976 0.00922289 0.0639171 0.126565
1 0.108244 0.565199 0.00921338 0.0518088 0.0678207
1 0.294698 0.705311 0.0167289 0.107362 0.0570083
1 0.0822809 0.561588 0.00765798 0.0571762 0.0444879
1 0.285143 0.716343 0.0195136 0.114013 0.038717
1 0.276975 0.723109 0.0199994 0.106609 0.0210488
1 0.272461 0.729965 0.017595 0.112007 0.0206274
1 0.217875 0.575795 0.0105615 0.037296 0.014872
1 0.258864 0.740829 0.0236175 0.125224 0.0135541
1 0.231261 0.756071 0.034524 0.134534 0.0134514
1 0.222417 0.759437 0.0324799 0.139818 0.0133859
1 0.214768 0.577761 0.0111064 0.0374356 0.0127225
1 0.298381 0.70458 0.0168926 0.0958789 0.0118799
1 0.320635 0.698235 0.0105679 0.087313 0.0115921
0 0.185153 0.57622 0.0167385 0.0432131 0.0115896
1 0.23116 0.575618 0.00945869 0.0391706 0.00922558
1 0.227752 0.578187 0.0125633 0.0417161 0.00836379
1 0.0483786 0.553714 0.0082613 0.0698926 0.00813709
1 0.241398 0.750874 0.033017 0.129093 0.0078422
1 0.23359 0.577232 0.0115194 0.0408896 0.00741378
1 0.74687 0.63177 0.0121282 0.0879844 0.0066837
1 0.0868813 0.565407 0.0117293 0.0531941 0.00472404
0 0.108369 0.564678 0.0105289 0.0515255 0.00417699
1 0.254614 0.571233 0.00734901 0.0423742 0.00407669
3 0.83201 0.47673 0.0311024 0.203414 0.00375264
2 0.185946 0.576299 0.0112516 0.0373287 0.00368042
1 0.206377 0.574657 0.0101396 0.0362161 0.00347797
1 0.266927 0.734707 0.0313306 0.109034 0.0034705
0 0.218764 0.577552 0.0150286 0.0398282 0.00300251
1 0.605366 0.617142 0.00902014 0.0350773 0.00299906
1 0.290793 0.700694 0.0176159 0.107562 0.00299756
1 0.214424 0.759935 0.0282389 0.143477 0.00295876
1 0.186186 0.575166 0.0147188 0.0433823 0.00258713
1 0.322783 0.689247 0.0115359 0.0676804 0.00254113
1 0.317122 0.696416 0.0146578 0.0734468 0.00253241
0 0.188304 0.57961 0.0111326 0.0391357 0.00248668
0 0.219135 0.580531 0.0098444 0.0438325 0.00245202
1 0.108663 0.562568 0.0157726 0.0537805 0.00219628
0 0.774147 0.576709 0.0103731 0.065321 0.00205966
1 0.796972 0.55708 0.00984173 0.0797688 0.00205082
4 0.185946 0.576299 0.0112516 0.0373287 0.00201722
1 0.138537 0.571885 0.00749636 0.0405995 0.00191361
1 0.643146 0.661604 0.0121349 0.067839 0.00188826
1 0.773032 0.594971 0.0151545 0.0862488 0.00183596
1 0.598163 0.613814 0.00968075 0.0370342 0.00169473
1 0.276742 0.718391 0.0328896 0.11322 0.00150733
1 0.0804905 0.562407 0.00883653 0.066256 0.00137825
5 0.185946 0.576299 0.0112516 0.0373287 0.00137235
1 0.218823 0.575695 0.0166085 0.0434615 0.00131966
1 0.370886 0.65898 0.006984 0.0419127 0.00128546
1 0.36897 0.658699 0.00755053 0.038606 0.00126264
3 0.186075 0.576071 0.011966 0.0384579 0.0012597
1 0.610094 0.618886 0.0127417 0.0366499 0.00120796
1 0.59246 0.612288 0.00828953 0.0404934 0.00118725
0 0.214768 0.577761 0.0111064 0.0374356 0.00114021
1 0.0817975 0.560073 0.0137848 0.0571753 0.00109179
1 0.215101 0.575765 0.0169204 0.0400557 0.00104191
