0 0.978067 0.860949 0.0385393 0.0762638 0.14118
3 0.659917 0.453232 0.0382383 0.124794 0.0208821
3 0.977799 0.860385 0.0394421 0.0732152 0.0101335
1 0.308842 0.584958 0.0120791 0.0692545 0.00477557
1 0.200933 0.628259 0.00875015 0.0498298 0.00476838
1 0.978069 0.863717 0.0387857 0.0712179 0.00463815
1 0.885458 0.563273 0.0190323 0.0914188 0.0031963
2 0.978069 0.863717 0.0387857 0.0712179 0.00246381
1 0.23734 0.585769 0.00876164 0.0480826 0.00242027
4 0.130588 0.458906 0.153939 0.165798 0.00198
1 0.298222 0.585448 0.0116058 0.0733672 0.00187367
0 0.308842 0.584958 0.0120791 0.0692545 0.0013945
3 0.664926 0.443522 0.0242786 0.114322 0.0013587
0 0.302575 0.594336 0.0160791 0.0665827 0.00127687
1 0.196543 0.630464 0.0121446 0.050341 0.00117007
3 0.749058 0.363754 0.0552673 0.104829 0.00116577
