1 0.653395 0.656877 0.0100221 0.0562914 0.202472
1 0.0153557 0.585059 0.0104614 0.0696757 0.0304471
1 0.159642 0.591899 0.00978088 0.0736415 0.0242906
1 0.197621 0.593203 0.00809779 0.0637956 0.0124781
1 0.654116 0.66124 0.0142357 0.0669774 0.00812609
1 0.0793517 0.5907 0.00956218 0.0600671 0.00802586
1 0.129072 0.591914 0.00805421 0.0704407 0.00747935
0 0.0148355 0.583384 0.0133839 0.0681117 0.00718918
1 0.509501 0.618149 0.00705557 0.0306134 0.00680454
1 0.106631 0.5938 0.00809422 0.0683557 0.00641045
3 0.458764 0.253752 0.0658159 0.130829 0.00407293
1 0.122425 0.597969 0.012317 0.0707662 0.00260492
1 0.94192 0.641108 0.0116844 0.0680281 0.00222164
1 0.00928921 0.589205 0.0103537 0.0739847 0.00212791
0 0.653358 0.657188 0.0114548 0.0596374 0.00196981
1 0.495402 0.642439 0.00960283 0.075483 0.0019394
1 0.0437928 0.59052 0.0114471 0.0657939 0.00191494
1 0.765554 0.661899 0.0113508 0.0489671 0.00172765
1 0.681234 0.608471 0.00940027 0.0553579 0.00172741
2 0.653883 0.659295 0.010218 0.0564009 0.00171125
1 0.127046 0.587349 0.0100164 0.0650585 0.00135873
3 0.653303 0.656538 0.0112635 0.0569907 0.00121039
1 0.0154092 0.584113 0.0166176 0.0745611 0.00114574
4 0.653405 0.657578 0.0104061 0.0593611 0.00103611
