4 0.784513 0.666165 0.0734614 0.164609 0.911136
0 0.443407 0.737997 0.0159894 0.0485903 0.224177
3 0.948418 0.490118 0.0967619 0.980237 0.0250457
4 0.771464 0.658964 0.170797 0.223226 0.0137157
3 0.783744 0.666118 0.0733547 0.161664 0.0112189
1 0.443169 0.738764 0.0164701 0.0515976 0.0111628
0 0.783371 0.666404 0.0735973 0.168199 0.00795699
5 0.783787 0.667002 0.0754525 0.161262 0.00777977
1 0.783744 0.666118 0.0733547 0.161664 0.00769621
2 0.783371 0.666404 0.0735973 0.168199 0.00748358
3 0.956243 0.491312 0.0642403 0.832926 0.00529342
1 0.633661 0.634084 0.00847778 0.0372757 0.00419773
3 0.920214 0.494012 0.139962 0.92335 0.00415582
3 0.999967 0.522506 6.60896e-05 0.780907 0.00358549
3 0.974886 0.487696 0.0502277 0.93759 0.00210564
1 0.5189 0.68025 0.00833445 0.0646566 0.0019901
3 1 0.567311 0 0.526511 0.00144791
1 0.649123 0.689946 0.0184329 0.0666754 0.00132008
4 0.443407 0.737997 0.0159894 0.0485903 0.00129827
2 0.443407 0.737997 0.0159894 0.0485903 0.00111645
3 0.96027 0.592711 0.0492317 0.605538 0.00102761
