1 0.896783 0.843748 0.0297995 0.198913 0.898646
1 0.710189 0.775464 0.0135319 0.106235 0.871353
1 0.741205 0.787329 0.0134976 0.118861 0.838436
1 0.665759 0.76007 0.0104515 0.0809216 0.833154
1 0.777908 0.801144 0.0153895 0.132092 0.831935
1 0.830121 0.822758 0.0222813 0.166329 0.827669
1 0.685859 0.763042 0.0107973 0.0857522 0.768969
1 0.647385 0.750992 0.00961838 0.071395 0.684611
1 0.634266 0.747673 0.00845871 0.0655123 0.559605
1 0.62162 0.743829 0.00913143 0.0656903 0.472371
1 0.65613 0.756712 0.0183668 0.0769229 0.390074
1 0.706436 0.774103 0.0221318 0.0997501 0.254405
1 0.682901 0.766692 0.0137604 0.0875226 0.210733
1 0.765408 0.800035 0.0231088 0.128968 0.170506
1 0.609364 0.738612 0.00943861 0.0606432 0.142915
1 0.669748 0.75976 0.015308 0.0772023 0.125457
1 0.64466 0.752122 0.0133141 0.067838 0.0812455
1 0.560639 0.721893 0.00789814 0.0413328 0.0801576
1 0.607107 0.736347 0.0108071 0.060456 0.0623279
1 0.590581 0.730632 0.0101096 0.0524773 0.0441565
1 0.663723 0.760667 0.00874624 0.0722253 0.0428093
1 0.580284 0.727667 0.0101589 0.0501195 0.0411428
1 0.571781 0.724976 0.011612 0.0428038 0.0373925
1 0.898093 0.846522 0.0258553 0.1333 0.0288163
1 0.592759 0.73524 0.00858622 0.0482732 0.0227187
1 0.68544 0.779804 0.00920439 0.0754222 0.0204858
1 0.583457 0.727399 0.0174543 0.045469 0.020314
1 0.626495 0.745562 0.0140134 0.0655582 0.0191198
1 0.568627 0.723013 0.0102474 0.0453374 0.0174236
1 0.544496 0.713761 0.00850754 0.0348857 0.0152392
3 0.830058 0.822896 0.023851 0.167168 0.0137436
3 0.897069 0.843818 0.0296183 0.19676 0.0120222
0 0.897069 0.843818 0.0296183 0.19676 0.0106248
2 0.896297 0.843643 0.028898 0.198943 0.00843094
5 0.897069 0.843818 0.0296183 0.19676 0.00839791
1 0.650259 0.751107 0.0111729 0.0810864 0.00764197
4 0.896297 0.843643 0.028898 0.198943 0.00725776
0 0.709766 0.77589 0.0156399 0.0991338 0.0070726
2 0.829372 0.821585 0.0232882 0.166112 0.00671965
3 0.778064 0.803113 0.0154564 0.139882 0.0061753
1 0.618672 0.740427 0.0150548 0.0592982 0.00561947
1 0.540736 0.710214 0.00832338 0.0327589 0.00531887
0 0.830058 0.822896 0.023851 0.167168 0.00513175
0 0.740978 0.787756 0.0142334 0.120488 0.00497143
0 0.685772 0.764746 0.0102569 0.0898044 0.0048118
3 0.7102 0.774079 0.0139071 0.10475 0.00473035
1 0.778261 0.800615 0.0225227 0.151001 0.00462642
5 0.829677 0.822944 0.0216267 0.165956 0.00431526
3 0.7406 0.786876 0.0151124 0.114345 0.00421435
0 0.777872 0.802344 0.016136 0.133331 0.00418061
4 0.829223 0.821363 0.0247644 0.168833 0.00395578
1 0.54222 0.714769 0.0125069 0.0377065 0.00370702
5 0.778064 0.803113 0.0154564 0.139882 0.0036889
1 0.531299 0.709167 0.0091341 0.0315482 0.00366917
3 0.686401 0.769359 0.010707 0.0943 0.00352685
0 0.682901 0.766692 0.0137604 0.0875226 0.00344054
1 0.896432 0.879358 0.0252193 0.112431 0.0034043
2 0.778213 0.803504 0.0150667 0.128766 0.0032004
5 0.709961 0.776446 0.0140291 0.107019 0.00319392
0 0.665596 0.760086 0.0101854 0.0771272 0.00302051
1 0.744614 0.795051 0.0173463 0.123328 0.00276402
2 0.710112 0.775663 0.0135097 0.105096 0.00270236
1 0.604861 0.730982 0.00880833 0.0546385 0.00268282
1 0.764221 0.798361 0.0357805 0.146286 0.0025467
3 0.633333 0.747333 0.00882921 0.0655809 0.0025116
4 0.709766 0.77589 0.0156399 0.0991338 0.00248986
1 0.622637 0.747832 0.0150921 0.0614526 0.00238173
2 0.665596 0.760086 0.0101854 0.0771272 0.0023708
2 0.741235 0.786911 0.0128484 0.115052 0.00236981
5 0.740978 0.787756 0.0142334 0.120488 0.00229735
4 0.778162 0.803405 0.0158317 0.136294 0.00228918
3 0.682901 0.766692 0.0137604 0.0875226 0.00228909
1 0.739319 0.784353 0.0262275 0.125618 0.0022179
5 0.685492 0.762844 0.0109303 0.0856847 0.00218602
1 0.57155 0.722918 0.019979 0.0446262 0.00215921
3 0.665645 0.759357 0.0106685 0.0770006 0.00215738
0 0.669748 0.75976 0.015308 0.0772023 0.00203886
1 0.560626 0.720225 0.0138685 0.0441323 0.0020333
4 0.741109 0.786921 0.0135704 0.116589 0.00190062
3 0.647018 0.751116 0.0100553 0.0695543 0.00185074
0 0.64466 0.752122 0.0133141 0.067838 0.0018282
5 0.665645 0.759357 0.0106685 0.0770006 0.00176524
4 0.686401 0.769359 0.010707 0.0943 0.0017409
2 0.685772 0.764746 0.0102569 0.0898044 0.00171874
0 0.634108 0.747841 0.00948782 0.0658083 0.00165761
1 0.581324 0.734589 0.00860395 0.041717 0.00164987
4 0.665645 0.759357 0.0106685 0.0770006 0.00160628
0 0.621563 0.74391 0.0100017 0.0632996 0.00153012
0 0.647445 0.751453 0.00988655 0.0704741 0.00150811
5 0.647018 0.751116 0.0100553 0.0695543 0.00148536
3 0.620769 0.742181 0.00897207 0.0639923 0.00147832
4 0.647385 0.750992 0.00961838 0.071395 0.00141974
1 0.664906 0.779286 0.00750275 0.062264 0.00140192
2 0.647018 0.751116 0.0100553 0.0695543 0.00135221
3 0.765408 0.800035 0.0231088 0.128968 0.00134852
4 0.682901 0.766692 0.0137604 0.0875226 0.0013047
4 0.634108 0.747841 0.00948782 0.0658083 0.00130173
4 0.621563 0.74391 0.0100017 0.0632996 0.00124744
2 0.706436 0.774103 0.0221318 0.0997501 0.00121913
0 0.655872 0.756232 0.0191699 0.0792706 0.0011648
5 0.634266 0.747673 0.00845871 0.0655123 0.00113358
2 0.634108 0.747841 0.00948782 0.0658083 0.0011061
5 0.65613 0.756712 0.0183668 0.0769229 0.00108398
1 0.592403 0.734867 0.0147391 0.0503674 0.00105476
2 0.621563 0.74391 0.0100017 0.0632996 0.00104606
3 0.669748 0.75976 0.015308 0.0772023 0.0010236
5 0.765408 0.800035 0.0231088 0.128968 0.00100327
