1 0.148468 0.582669 0.00723829 0.0398989 0.307411
0 0.147762 0.582144 0.00950315 0.0369233 0.21216
1 0.0150458 0.553169 0.0109508 0.0876859 0.0418101
1 0.148604 0.582392 0.0120174 0.0434604 0.0147454
1 0.0473973 0.566909 0.0094349 0.060684 0.00648263
0 0.146992 0.582924 0.0152459 0.0413481 0.00632655
0 0.149903 0.582039 0.00840061 0.04134 0.00625252
0 0.545526 0.622147 0.011531 0.0360048 0.00601893
3 0.900357 0.346275 0.0612816 0.501442 0.00579754
1 0.71508 0.624219 0.00787449 0.0458716 0.00565439
3 0.898775 0.242753 0.0590483 0.30751 0.00488914
1 0.913405 0.552182 0.0143238 0.127819 0.00455795
1 0.262914 0.740948 0.0195818 0.121833 0.00401291
1 0.0187955 0.547757 0.0108115 0.0760592 0.00388741
1 0.22959 0.757651 0.0312697 0.134649 0.00369088
1 0.222529 0.768313 0.0238642 0.126734 0.00328284
3 0.913405 0.552182 0.0143238 0.127819 0.00287143
1 0.149858 0.576099 0.0081584 0.0471659 0.00251926
2 0.147762 0.582144 0.00950315 0.0369233 0.00247119
1 0.914045 0.534019 0.0102816 0.100717 0.00241534
1 0.316092 0.627347 0.0103569 0.0837881 0.00241019
1 0.26886 0.735757 0.0175762 0.108909 0.00233349
1 0.260861 0.606995 0.0345837 0.174432 0.00182985
0 0.545792 0.619188 0.0171289 0.0433514 0.0016394
1 0.331652 0.696011 0.0116457 0.0555893 0.001599
4 0.147762 0.582144 0.00950315 0.0369233 0.00143417
1 0.336775 0.691473 0.0107808 0.0481403 0.00129917
1 0.821813 0.56244 0.00795803 0.0598964 0.00110666
1 0.2743 0.729592 0.0170711 0.0966977 0.0010902
1 0.816937 0.569862 0.00981693 0.0675304 0.00104238
