1 0.873877 0.848561 0.0256882 0.188217 0.850552
2 0.130003 0.755113 0.061131 0.156636 0.824001
1 0.689755 0.779374 0.0120942 0.0999117 0.822867
1 0.720314 0.792143 0.0131057 0.1133 0.8212
1 0.756998 0.810224 0.013709 0.124884 0.820556
1 0.647991 0.760095 0.00893278 0.0808236 0.788587
1 0.668697 0.767777 0.00998287 0.0871121 0.786668
1 0.807793 0.826086 0.0199923 0.157861 0.754529
1 0.965652 0.875454 0.0355509 0.235776 0.731565
1 0.608966 0.740061 0.00799665 0.0615099 0.616883
1 0.633334 0.751274 0.00803614 0.0683307 0.60403
2 0.179159 0.756645 0.0551781 0.12323 0.505481
1 0.622126 0.745225 0.00845375 0.0659526 0.415754
1 0.592965 0.735644 0.00782948 0.0548538 0.399551
1 0.620055 0.744608 0.00837412 0.0638684 0.295718
2 0.215153 0.749862 0.0321639 0.109543 0.292289
1 0.723247 0.799799 0.0156487 0.112316 0.232298
1 0.580189 0.729212 0.00876932 0.0516742 0.215674
1 0.592314 0.732577 0.0119883 0.0537145 0.207242
1 0.575717 0.726613 0.011335 0.0471663 0.155536
1 0.585957 0.73066 0.0155986 0.0511929 0.147134
1 0.560071 0.719448 0.00917177 0.0432565 0.120559
2 0.0738938 0.767787 0.061484 0.17496 0.108222
3 0.965272 0.873551 0.0363468 0.239207 0.101798
1 0.654224 0.762639 0.0113532 0.085488 0.0884005
1 0.656563 0.765039 0.018247 0.0844581 0.0700183
1 0.674124 0.769517 0.0170986 0.0904895 0.0693362
1 0.56685 0.722408 0.0103065 0.0451263 0.0314157
2 0.225258 0.746805 0.0466517 0.10537 0.0308415
1 0.545636 0.714706 0.00857115 0.0354146 0.0286571
1 0.633033 0.750802 0.0124457 0.0742976 0.0282169
1 0.62741 0.748664 0.0154247 0.068859 0.0231908
3 0.87405 0.848712 0.0243847 0.187079 0.0226955
2 0.262848 0.741946 0.025273 0.0834454 0.0205624
2 0.237172 0.748605 0.0361059 0.100092 0.0202865
1 0.621299 0.744739 0.0136435 0.0731722 0.0186854
1 0.647411 0.753846 0.0132039 0.0802831 0.0170737
2 0.255981 0.74412 0.0363686 0.0950304 0.0165295
1 0.687008 0.772337 0.0109405 0.0987266 0.0147218
1 0.602705 0.734502 0.0152081 0.056505 0.0123485
1 0.580329 0.728967 0.0145338 0.0553967 0.0110189
3 0.807802 0.825975 0.0190441 0.160648 0.00996867
1 0.532315 0.713199 0.00792341 0.0289551 0.00966395
1 0.128987 0.756847 0.0589469 0.1548 0.00914551
1 0.178027 0.753251 0.057389 0.122351 0.00906633
0 0.129097 0.756658 0.0581333 0.153817 0.0084
0 0.689779 0.778446 0.0138013 0.100521 0.00806889
5 0.873785 0.847137 0.0258518 0.188719 0.00799611
4 0.873785 0.847137 0.0258518 0.188719 0.00779789
1 0.575222 0.724214 0.0186865 0.0505729 0.00747644
3 0.757899 0.810908 0.0145602 0.136636 0.00747359
2 0.964951 0.874392 0.0344597 0.236646 0.00714667
0 0.873779 0.848162 0.0258404 0.188541 0.00704059
0 0.177366 0.756175 0.053271 0.12913 0.00689255
1 0.214983 0.750631 0.0356785 0.107776 0.00684035
0 0.964976 0.876694 0.0343132 0.236802 0.00682202
2 0.873785 0.847137 0.0258518 0.188719 0.00669385
2 0.246465 0.74081 0.0298772 0.0853083 0.00659294
4 0.128987 0.756847 0.0589469 0.1548 0.006097
1 0.967034 0.88613 0.0270685 0.125841 0.00603069
3 0.701542 0.338776 0.0911649 0.185752 0.00575216
5 0.964976 0.876694 0.0343132 0.236802 0.00543266
2 0.225373 0.749516 0.0256554 0.100574 0.00535889
0 0.807469 0.826196 0.0194962 0.157156 0.00531908
1 0.255257 0.74257 0.0294522 0.0898838 0.00523905
5 0.807434 0.826138 0.0191425 0.157124 0.00488183
1 0.560177 0.7175 0.0152668 0.0440486 0.00424733
3 0.689779 0.778446 0.0138013 0.100521 0.00422877
3 0.128987 0.756847 0.0589469 0.1548 0.00412203
4 0.964951 0.874392 0.0344597 0.236646 0.00407545
0 0.720042 0.793386 0.0144467 0.120863 0.00403843
5 0.129956 0.756977 0.0593494 0.154877 0.00396346
2 0.807434 0.826138 0.0191425 0.157124 0.00391899
0 0.668292 0.768119 0.0105578 0.0911874 0.00387121
0 0.7572 0.812016 0.0156066 0.13665 0.00380121
0 0.647924 0.759275 0.00997381 0.0767521 0.00374994
5 0.757899 0.810908 0.0145602 0.136636 0.00373847
1 0.262848 0.741946 0.025273 0.0834454 0.00348276
3 0.720578 0.793023 0.0139831 0.123841 0.00347004
3 0.668303 0.767837 0.0101254 0.0853187 0.00339156
2 0.144489 0.74798 0.205372 0.250195 0.00338226
4 0.1789 0.756619 0.054373 0.123166 0.00336324
1 0.757723 0.807113 0.0237859 0.148567 0.00327405
4 0.807434 0.826138 0.0191425 0.157124 0.00320316
2 0.68971 0.78193 0.011095 0.0925351 0.00320263
1 0.224949 0.747825 0.0290697 0.103511 0.00296013
1 0.267616 0.737937 0.0189472 0.0831746 0.00295843
1 0.247876 0.743313 0.0287954 0.0950439 0.00290748
2 0.267616 0.737937 0.0189472 0.0831746 0.00281936
2 0.191406 0.74745 0.0430614 0.117978 0.00276549
4 0.757542 0.811166 0.0147341 0.133915 0.00274585
1 0.605638 0.73178 0.00828972 0.056979 0.0026996
0 0.633432 0.751624 0.00933981 0.0687798 0.00268498
2 0.757542 0.811166 0.0147341 0.133915 0.00266624
0 0.608883 0.740311 0.00891132 0.0595042 0.00256635
3 0.177366 0.756175 0.053271 0.12913 0.00250003
5 0.179263 0.755611 0.0529154 0.121585 0.00235649
5 0.72045 0.794639 0.0136746 0.115966 0.00229785
2 0.248266 0.746927 0.0636442 0.119815 0.00227648
3 0.632912 0.751509 0.00831232 0.0672163 0.00226773
4 0.720205 0.794486 0.014218 0.108874 0.00225217
2 0.720172 0.792903 0.0137794 0.120616 0.00223668
2 0.647924 0.759275 0.00997381 0.0767521 0.00221139
3 0.607929 0.739446 0.00940981 0.059324 0.00216856
4 0.689779 0.778446 0.0138013 0.100521 0.00216619
5 0.689335 0.779933 0.0131077 0.101324 0.00203624
1 0.714974 0.785814 0.0144121 0.113579 0.00196759
3 0.620055 0.744608 0.00837412 0.0638684 0.00189023
4 0.215153 0.749862 0.0321639 0.109543 0.00188094
3 0.648006 0.760652 0.00968533 0.0802466 0.00186453
2 0.668292 0.768119 0.0105578 0.0911874 0.00179657
4 0.668292 0.768119 0.0105578 0.0911874 0.00172657
0 0.215153 0.749862 0.0321639 0.109543 0.00167328
1 0.689338 0.776434 0.022579 0.10962 0.00154474
4 0.608883 0.740311 0.00891132 0.0595042 0.00151319
1 0.622465 0.757287 0.00611563 0.0624112 0.0014878
1 0.566993 0.720996 0.0210099 0.0506044 0.0014836
5 0.668577 0.768541 0.0105164 0.0934006 0.0014736
0 0.656563 0.765039 0.018247 0.0844581 0.00145954
1 0.0773355 0.759425 0.057836 0.171131 0.00145037
2 0.608883 0.740311 0.00891132 0.0595042 0.00144526
4 0.647924 0.759275 0.00997381 0.0767521 0.00141979
1 0.734381 0.962186 0.00762224 0.032508 0.00137174
1 0.744139 0.961139 0.00984564 0.0307198 0.00136379
5 0.647991 0.760095 0.00893278 0.0808236 0.00134867
2 0.192589 0.744294 0.230215 0.271045 0.00132988
0 0.621918 0.74579 0.00970192 0.06658 0.0013097
5 0.215153 0.749862 0.0321639 0.109543 0.00130674
0 0.0738938 0.767787 0.061484 0.17496 0.0013028
4 0.580189 0.729212 0.00876932 0.0516742 0.00129887
4 0.633432 0.751624 0.00933981 0.0687798 0.00129497
2 0.580189 0.729212 0.00876932 0.0516742 0.00124905
1 0.667572 0.779029 0.0139196 0.0959508 0.00124293
1 0.720922 0.761626 0.00936203 0.0632506 0.00122736
1 0.719114 0.794898 0.0223115 0.118639 0.00122282
1 0.689789 0.801719 0.0088707 0.0704337 0.00119259
0 0.723247 0.799799 0.0156487 0.112316 0.00117097
3 0.622126 0.745225 0.00845375 0.0659526 0.00116437
4 0.621918 0.74579 0.00970192 0.06658 0.00116363
1 0.237172 0.748605 0.0361059 0.100092 0.00116283
5 0.63362 0.750947 0.00833464 0.0697434 0.00116136
2 0.593184 0.735892 0.00912142 0.0509805 0.0011546
2 0.0233364 0.753626 0.0307553 0.121766 0.00114086
5 0.60811 0.73881 0.00842371 0.0606018 0.0010989
3 0.592314 0.732577 0.0119883 0.0537145 0.00108666
0 0.674124 0.769517 0.0170986 0.0904895 0.00107664
4 0.593184 0.735892 0.00912142 0.0509805 0.00105084
2 0.633432 0.751624 0.00933981 0.0687798 0.00102177
1 0.275147 0.736794 0.0158287 0.0752279 0.00100529
