1 0.160053 0.577456 0.00887723 0.0427066 0.412943
0 0.160216 0.577313 0.00985692 0.0431296 0.310553
1 0.0647642 0.563805 0.00884665 0.0610924 0.20072
1 0.20662 0.581442 0.00823865 0.048329 0.0730078
1 0.196055 0.581098 0.00966835 0.0461034 0.0658838
1 0.210315 0.581771 0.00920572 0.049038 0.0588703
1 0.830089 0.65005 0.0222685 0.119594 0.0504404
1 0.203584 0.581274 0.0133613 0.048916 0.0357613
1 0.0304035 0.551152 0.00986518 0.0791336 0.0334605
1 0.806753 0.573075 0.0102612 0.0640832 0.0275617
0 0.196055 0.581098 0.00966835 0.0461034 0.0163706
0 0.559379 0.622047 0.0126518 0.0433668 0.00999747
1 0.232662 0.75285 0.0322769 0.138544 0.008255
1 0.200154 0.582209 0.0136559 0.0475675 0.007384
1 0.224873 0.7575 0.0310578 0.141456 0.00616485
1 0.189559 0.579947 0.0104339 0.0456234 0.00487058
0 0.502057 0.602674 0.0105282 0.0339286 0.00471047
1 0.24132 0.748333 0.0301127 0.134844 0.00373932
1 0.215923 0.582807 0.00867834 0.0506379 0.00328081
1 0.271033 0.733234 0.0178768 0.118067 0.00316674
1 0.320921 0.702921 0.0099628 0.0599677 0.00310329
0 0.200154 0.582209 0.0136559 0.0475675 0.00299317
0 0.806753 0.573075 0.0102612 0.0640832 0.00290042
1 0.259848 0.740262 0.0233546 0.130216 0.00288733
0 0.0641784 0.564316 0.00945082 0.0645179 0.00283885
1 0.210552 0.580442 0.0152606 0.0508116 0.00281443
0 0.163951 0.580231 0.0108071 0.0460133 0.00277443
0 0.19607 0.580443 0.0160241 0.0483097 0.00256206
1 0.217478 0.57529 0.00812011 0.0411279 0.00239876
1 0.180004 0.582203 0.00891075 0.049428 0.0023749
1 0.19607 0.580443 0.0160241 0.0483097 0.00195491
2 0.160216 0.577313 0.00985692 0.0431296 0.0018687
1 0.630455 0.624986 0.00893602 0.0382463 0.00184141
0 0.20662 0.581442 0.00823865 0.048329 0.00181706
4 0.160035 0.576764 0.0103325 0.0419415 0.00173944
1 0.284418 0.721296 0.0176161 0.109413 0.00168064
1 0.275665 0.726186 0.018287 0.106374 0.00166384
1 0.152898 0.576968 0.0122324 0.0385655 0.00158873
0 0.829218 0.649641 0.0218529 0.121446 0.00157526
1 0.159567 0.577182 0.0162813 0.0431041 0.00154359
1 0.322891 0.699041 0.010305 0.0478572 0.00149727
1 0.502787 0.602926 0.00994587 0.0373069 0.00147508
3 0.160035 0.576764 0.0103325 0.0419415 0.00144006
5 0.159956 0.576914 0.0095031 0.0413943 0.00138064
1 0.331073 0.612638 0.00870671 0.0719716 0.00132106
0 0.203874 0.581316 0.0137393 0.0477856 0.00129729
1 0.80816 0.583505 0.00972824 0.0768486 0.00125251
1 0.0644312 0.57012 0.0141047 0.0631939 0.00124597
1 0.318562 0.702525 0.0108396 0.0560757 0.00122741
1 0.0278781 0.536411 0.00980771 0.0579294 0.00118031
1 0.604981 0.617438 0.00988541 0.05793 0.00116674
1 0.81811 0.618982 0.0231209 0.117381 0.00111055
1 0.196804 0.772884 0.0211171 0.131251 0.00101105
