1 0.777407 0.685931 0.0139813 0.106648 0.866578
1 0.748675 0.686475 0.0163277 0.106617 0.847152
1 0.721262 0.686926 0.0138524 0.103219 0.841677
1 0.69449 0.68691 0.015652 0.103174 0.787101
1 0.799607 0.686036 0.0161598 0.107427 0.774826
1 0.78416 0.684779 0.0291823 0.107273 0.259403
1 0.766198 0.689083 0.0399638 0.105592 0.181644
1 0.708446 0.688516 0.0306078 0.100975 0.151481
1 0.94516 0.762202 0.0392614 0.199244 0.130093
1 0.62472 0.589567 0.0065237 0.0477187 0.0680829
1 0.957596 0.759449 0.051071 0.192184 0.0183826
3 0.183158 0.490524 0.338273 0.771688 0.0172301
1 0.967914 0.75425 0.0388508 0.182282 0.0130046
0 0.694692 0.688454 0.0151889 0.104662 0.00894051
0 0.748327 0.687509 0.0157682 0.106297 0.00839741
0 0.799497 0.685295 0.0154282 0.109518 0.00749626
3 0.279722 0.342632 0.103162 0.42298 0.00746679
0 0.95784 0.762392 0.0557718 0.1888 0.00624152
3 0.800065 0.684734 0.0154339 0.10949 0.00608232
3 0.721237 0.687414 0.015028 0.102648 0.00599808
0 0.777022 0.685896 0.0156271 0.109717 0.00585801
3 0.748675 0.686475 0.0163277 0.106617 0.00550537
3 0.69449 0.68691 0.015652 0.103174 0.00549143
1 0.71275 0.578079 0.00905027 0.0919647 0.00505913
0 0.721146 0.688129 0.0144115 0.105043 0.00494622
3 0.777604 0.684894 0.015369 0.107806 0.00482414
1 0.799296 0.686123 0.0250681 0.118334 0.00460341
3 0.95498 0.763624 0.05254 0.196776 0.00412544
3 0.26204 0.484069 0.24956 0.735052 0.00411988
5 0.748327 0.687509 0.0157682 0.106297 0.00389721
0 0.78416 0.684779 0.0291823 0.107273 0.00384572
4 0.694692 0.688454 0.0151889 0.104662 0.00369392
5 0.694692 0.688454 0.0151889 0.104662 0.00361886
5 0.799497 0.685295 0.0154282 0.109518 0.00341515
1 0.776909 0.712557 0.0104424 0.064365 0.0034069
1 0.998587 0.711697 0.00282516 0.0786289 0.00331287
5 0.721146 0.688129 0.0144115 0.105043 0.00326956
2 0.777662 0.690555 0.0138334 0.103163 0.00320727
5 0.777022 0.685896 0.0156271 0.109717 0.00294877
4 0.799475 0.686373 0.0167028 0.111418 0.00290793
2 0.799932 0.68494 0.0151739 0.108305 0.00287018
4 0.746537 0.688581 0.0208167 0.108751 0.00285893
3 0.29124 0.525744 0.511895 0.744266 0.00278082
2 0.748573 0.687091 0.0157991 0.104336 0.00268797
2 0.694718 0.688454 0.0155193 0.102496 0.0026689
0 0.945276 0.761766 0.0406261 0.199054 0.00258508
2 0.721216 0.69065 0.0145497 0.0958567 0.00219588
1 0.942145 0.784909 0.0296518 0.15681 0.00210992
4 0.720629 0.687427 0.0151058 0.10273 0.00205012
1 0.721316 0.686255 0.0234283 0.104521 0.00201062
4 0.535899 0.161155 0.928202 0.322093 0.00194094
1 0.99727 0.730043 0.00546017 0.110593 0.00190118
4 0.777022 0.685896 0.0156271 0.109717 0.00189233
2 0.78416 0.684779 0.0291823 0.107273 0.0018736
4 0.945935 0.758886 0.0548878 0.190277 0.00179953
5 0.789201 0.688937 0.0359755 0.108163 0.00175083
0 0.766198 0.689083 0.0399638 0.105592 0.00173504
4 0.789201 0.688937 0.0359755 0.108163 0.00172127
1 0.227675 0.711013 0.0288087 0.0541048 0.00170021
0 0.708446 0.688516 0.0306078 0.100975 0.00165162
2 0.945618 0.761283 0.0411919 0.197732 0.00156807
3 0.78416 0.684779 0.0291823 0.107273 0.00149075
4 0.766198 0.689083 0.0399638 0.105592 0.0014037
1 0.624411 0.588716 0.0110246 0.0499972 0.00139053
1 0.724788 0.683902 0.012298 0.104933 0.00133591
2 0.766198 0.689083 0.0399638 0.105592 0.00123638
3 0.943448 0.764043 0.0352705 0.196466 0.00123492
5 0.766198 0.689083 0.0399638 0.105592 0.00123148
3 0.766198 0.689083 0.0399638 0.105592 0.00121587
4 0.708446 0.688516 0.0306078 0.100975 0.00121102
0 0.625057 0.58731 0.00595913 0.0478105 0.00118245
3 0.708446 0.688516 0.0306078 0.100975 0.00116977
1 0.800504 0.663113 0.011949 0.0803165 0.00108714
1 0.224349 0.710321 0.0170468 0.0441857 0.00106125
1 0.723291 0.703622 0.017884 0.0989958 0.0010319
5 0.708446 0.688516 0.0306078 0.100975 0.00102871
3 0.496534 0.168619 0.986787 0.337238 0.00101455
