1 0.688124 0.640649 0.016458 0.0854558 0.194796
1 0.27642 0.622497 0.00942206 0.0744643 0.158168
1 0.159698 0.597675 0.00758145 0.0488591 0.0593603
3 0.824898 0.469765 0.0627922 0.525052 0.0171375
1 0.64629 0.633701 0.0107072 0.0583639 0.0167911
1 0.727456 0.619164 0.00919504 0.0379545 0.00547282
0 0.276279 0.621732 0.0103897 0.0732734 0.00523639
1 0.244871 0.551747 0.0073276 0.0496688 0.00480081
1 0.273327 0.609691 0.0105398 0.0705332 0.00400048
1 0.649805 0.631607 0.0117101 0.0723968 0.00396148
1 0.259279 0.550887 0.00678925 0.0490504 0.00351081
1 0.159971 0.596744 0.0129369 0.0544079 0.00291081
1 0.683015 0.643343 0.026207 0.0763201 0.00260149
4 0.0258239 0.580415 0.0230074 0.072512 0.00234262
1 0.744018 0.592098 0.0106575 0.0626911 0.00225394
0 0.159561 0.595465 0.0088418 0.0584942 0.00222565
0 0.727575 0.616803 0.0109626 0.0379389 0.00200638
1 0.839976 0.6376 0.0169228 0.162452 0.00193773
3 0.823972 0.283587 0.0485056 0.166227 0.00173337
3 0.596519 0.40765 0.036796 0.23343 0.00172184
0 0.688664 0.640491 0.0171697 0.0859244 0.00169527
1 0.275099 0.590804 0.0081429 0.0505906 0.00165007
0 0.975895 0.861166 0.0436298 0.097477 0.00141492
1 0.383129 0.72296 0.014192 0.10341 0.00139507
1 0.599578 0.588833 0.00956135 0.0674786 0.0013433
1 0.260962 0.551944 0.0102005 0.0548106 0.00131589
0 0.728758 0.612815 0.0132808 0.0521539 0.00126439
1 0.201457 0.619523 0.00920444 0.0686484 0.00116836
3 0.839976 0.6376 0.0169228 0.162452 0.00112177
3 0.688124 0.640649 0.016458 0.0854558 0.00109767
2 0.688138 0.640647 0.0165884 0.0830841 0.00102508
2 0.276279 0.621732 0.0103897 0.0732734 0.00101103
