2 0.449215 0.515927 0.868493 0.721383 0.775953
2 0.90395 0.490556 0.1921 0.718254 0.181103
2 0.113386 0.867881 0.226773 0.264237 0.00560492
2 0.583354 0.517608 0.521246 0.792727 0.00540465
2 0.210407 0.456665 0.332723 0.549678 0.00253844
5 0.449215 0.515927 0.868493 0.721383 0.00245462
4 0.449215 0.515927 0.868493 0.721383 0.00224862
1 0.449215 0.515927 0.868493 0.721383 0.00193027
3 0.449215 0.515927 0.868493 0.721383 0.00192164
2 0.877531 0.395676 0.244938 0.791351 0.00174704
2 0.293433 0.469712 0.537734 0.605944 0.00171486
0 0.449215 0.515927 0.868493 0.721383 0.00143993
