2 0.436771 0.631585 0.390424 0.555907 0.864093
2 0.163479 0.730734 0.326958 0.538532 0.101
2 0.375683 0.600501 0.251219 0.528069 0.0239341
2 0.280125 0.133664 0.199069 0.250142 0.0165106
2 0.721952 0.644601 0.478822 0.682443 0.0136163
3 0.951638 0.201999 0.0915493 0.297315 0.00749014
0 0.436771 0.631585 0.390424 0.555907 0.00712761
2 0.522958 0.673687 0.262025 0.49986 0.00591317
3 0.433236 0.630739 0.364635 0.554937 0.00511554
5 0.436771 0.631585 0.390424 0.555907 0.00495067
4 0.436771 0.631585 0.390424 0.555907 0.00477763
2 0.534966 0.606176 0.632159 0.627151 0.00400906
3 0.268996 0.141369 0.183281 0.282737 0.00311475
1 0.436771 0.631585 0.390424 0.555907 0.00275325
2 0.5 0.983445 1 0.0331093 0.00183481
3 0.946619 0.499515 0.106763 0.932579 0.00181995
3 0.950809 0.305429 0.0940294 0.487814 0.00168473
2 0.337381 0.150032 0.338477 0.28017 0.00106016
3 0.169037 0.736526 0.338074 0.502414 0.00105645
2 0.16024 0.408485 0.11604 0.153072 0.00101312
3 0.848257 0.29258 0.0382967 0.131726 0.00100559
3 0.928428 0.215023 0.143143 0.300178 0.00100056
