2 0.676274 0.643475 0.618545 0.473549 0.366618
2 0.496884 0.691255 0.991917 0.588433 0.261818
2 0.230146 0.719599 0.459157 0.539443 0.235913
2 0.509823 0.691532 0.637445 0.512579 0.0144824
2 0.146895 0.249446 0.29379 0.498893 0.00920227
3 0.254926 0.2261 0.166422 0.452199 0.0041329
2 0.574283 0.659155 0.326052 0.481505 0.00387953
2 0.244832 0.238426 0.177351 0.476852 0.00336428
5 0.676274 0.643475 0.618545 0.473549 0.00269235
2 0.305351 0.714459 0.275747 0.552531 0.00251221
2 0.18474 0.33086 0.337094 0.611466 0.00249304
0 0.676274 0.643475 0.618545 0.473549 0.00244504
3 0.676274 0.643475 0.618545 0.473549 0.00227912
4 0.676274 0.643475 0.618545 0.473549 0.00206875
2 0.0641614 0.734464 0.128323 0.523612 0.00202008
1 0.676274 0.643475 0.618545 0.473549 0.00190602
0 0.230146 0.719599 0.459157 0.539443 0.0018037
3 0.496884 0.691255 0.991917 0.588433 0.00170886
5 0.230146 0.719599 0.459157 0.539443 0.00157049
3 0.230146 0.719599 0.459157 0.539443 0.00141762
2 0.272392 0.245585 0.306553 0.487653 0.00141427
4 0.230146 0.719599 0.459157 0.539443 0.00138068
4 0.496884 0.691255 0.991917 0.588433 0.00135364
1 0.230146 0.719599 0.459157 0.539443 0.00122215
2 0.804345 0.604335 0.331174 0.426676 0.0010631
1 0.496884 0.691255 0.991917 0.588433 0.00104914
