0 0.693817 0.173874 0.0569626 0.177207 0.495319
2 0.493225 0.425835 0.157301 0.225556 0.077843
2 0.5 0.722723 1 0.549321 0.0619432
2 0.301099 0.439196 0.140497 0.226985 0.0575389
0 0.334452 0.201814 0.0567735 0.180883 0.0434715
2 0.557473 0.398687 0.315222 0.302784 0.0165139
2 0.334665 0.198116 0.0606869 0.181063 0.0152102
2 0.693355 0.175957 0.0590472 0.173178 0.0110712
2 0.495372 0.423079 0.205969 0.292066 0.00818137
2 0.26135 0.441426 0.214207 0.240645 0.00692164
2 0.668617 0.430236 0.122342 0.236791 0.00461322
0 0.011287 0.951696 0.0222172 0.0367686 0.00408463
1 0.693749 0.175302 0.0579447 0.173167 0.00351359
0 0.310898 0.195618 0.124105 0.188999 0.00314992
2 0.505134 0.728871 0.651931 0.485012 0.00260653
3 0.693749 0.175302 0.0579447 0.173167 0.00253952
0 0.011537 0.934767 0.0210039 0.077449 0.00213481
0 0.0136889 0.918374 0.0260168 0.105767 0.00213267
0 0.0166411 0.894781 0.0332823 0.168019 0.00187577
4 0.693817 0.173874 0.0569626 0.177207 0.00173109
2 0.747341 0.498399 0.0709487 0.114056 0.00149863
2 0.55008 0.559724 0.672583 0.853153 0.00146066
5 0.693689 0.175067 0.0586166 0.178352 0.0014242
0 0.700484 0.18122 0.194509 0.273692 0.00134213
2 0.478918 0.385672 0.2845 0.350386 0.00125792
0 0.491031 0.421429 0.166189 0.259023 0.00114598
0 0.0105154 0.962499 0.0196285 0.026875 0.00113803
