2 0.629024 0.371718 0.0431735 0.160134 0.136669
2 0.459591 0.525449 0.0953903 0.290026 0.0924631
2 0.522501 0.471083 0.0526093 0.231387 0.072549
2 0.679307 0.321212 0.0417497 0.121261 0.0615455
2 0.565855 0.427915 0.0536876 0.195624 0.0602597
2 0.647941 0.355797 0.0396995 0.161302 0.0349276
2 0.656994 0.344864 0.0465165 0.1517 0.0185697
2 0.234061 0.688575 0.223209 0.357209 0.0134343
2 0.552254 0.443294 0.0589075 0.225197 0.0105683
2 0.683267 0.312631 0.0313275 0.0935623 0.00949022
2 0.299641 0.666173 0.343904 0.441859 0.00904153
2 0.670132 0.329998 0.0570128 0.144008 0.00699202
2 0.462921 0.336421 0.209619 0.189605 0.00482179
2 0.509655 0.695906 0.904546 0.578269 0.00385805
2 0.636268 0.369247 0.0436117 0.130371 0.00362079
2 0.366737 0.61261 0.152755 0.327493 0.00357464
2 0.471052 0.528724 0.185981 0.326063 0.00356158
2 0.580451 0.40166 0.0552231 0.178932 0.00296397
2 0.496074 0.484514 0.0943152 0.273842 0.00261197
2 0.527754 0.482222 0.0987347 0.286256 0.0021598
1 0.629348 0.37052 0.0427985 0.160651 0.002036
2 0.65564 0.324329 0.0606896 0.145096 0.0019772
2 0.655829 0.35253 0.084981 0.188501 0.0018121
2 0.585609 0.374377 0.0469611 0.149446 0.00171818
2 0.622729 0.347217 0.0430809 0.128699 0.00161042
2 0.628651 0.373461 0.0729425 0.185139 0.00153825
2 0.603449 0.390241 0.0448631 0.170439 0.00149342
2 0.39995 0.603046 0.0892964 0.252984 0.0013929
2 0.61174 0.348229 0.0776495 0.136104 0.00135112
2 0.400874 0.554066 0.242726 0.31744 0.001317
1 0.647941 0.355797 0.0396995 0.161302 0.00123677
1 0.680945 0.3233 0.0374492 0.118894 0.00101669
