3 0.298914 0.659701 0.556857 0.66352 0.886514
3 0.294202 0.521732 0.553305 0.395869 0.0110078
3 0.950907 0.501903 0.0981853 0.949734 0.00814367
3 0.914524 0.501821 0.170953 0.969798 0.00454824
0 0.298914 0.659701 0.556857 0.66352 0.00362672
4 0.296952 0.662766 0.557645 0.654284 0.00348505
5 0.298914 0.659701 0.556857 0.66352 0.00315375
2 0.298914 0.659701 0.556857 0.66352 0.00200652
1 0.298914 0.659701 0.556857 0.66352 0.0018237
3 0.574283 0.550732 0.851434 0.898535 0.00122294
3 0.982735 0.724796 0.0345293 0.550409 0.00117978
3 0.854336 0.501077 0.291328 0.997846 0.00114294
3 0.487577 0.657107 0.409709 0.685785 0.00111635
