3 0.486531 0.632407 0.950737 0.735186 0.686816
3 0.462466 0.438788 0.88345 0.504878 0.254623
3 0.301476 0.430513 0.521186 0.456229 0.182552
3 0.581799 0.677436 0.668433 0.631532 0.0381273
3 0.304293 0.596065 0.583914 0.80787 0.0228456
3 0.983708 0.667682 0.0325847 0.662569 0.00560426
3 0.997825 0.664093 0.00435096 0.620808 0.00406187
3 0.453064 0.795047 0.887709 0.403908 0.0031174
3 0.966204 0.669504 0.0675925 0.660992 0.00299295
2 0.486531 0.632407 0.950737 0.735186 0.0029053
3 0.466291 0.602255 0.659022 0.487238 0.00262498
4 0.486531 0.632407 0.950737 0.735186 0.0022804
0 0.486531 0.632407 0.950737 0.735186 0.00183444
1 0.486531 0.632407 0.950737 0.735186 0.00162493
5 0.486531 0.632407 0.950737 0.735186 0.00157436
4 0.301476 0.430513 0.521186 0.456229 0.00141543
3 0.837263 0.669029 0.171305 0.642417 0.00141359
4 0.462466 0.438788 0.88345 0.504878 0.00123345
3 0.498268 0.307087 0.910602 0.345218 0.0012053
1 0.462466 0.438788 0.88345 0.504878 0.00112344
3 0.5 0.125483 1 0.250966 0.00107486
3 0.453596 0.885967 0.871264 0.227807 0.00101641
2 0.488315 0.448263 0.952035 0.555526 0.00100285
