3 0.790603 0.343835 0.0654415 0.169971 0.766047
3 0.189763 0.402399 0.0697176 0.262231 0.681701
2 0.5 0.704861 1 0.590278 0.236308
3 0.175262 0.403769 0.145681 0.28864 0.00887665
0 0.790603 0.343835 0.0654415 0.169971 0.00781053
3 0.799106 0.349361 0.147763 0.194141 0.00695824
1 0.790887 0.344959 0.0651333 0.168647 0.00658647
0 0.190268 0.402634 0.0703707 0.265502 0.00552
2 0.791355 0.343783 0.0651188 0.17087 0.00516857
1 0.190171 0.402719 0.0689738 0.260481 0.00427285
5 0.791355 0.343783 0.0651188 0.17087 0.0039162
4 0.791355 0.343783 0.0651188 0.17087 0.00368869
3 0.784668 0.383998 0.0771544 0.264167 0.00363201
2 0.191146 0.398178 0.0734162 0.250743 0.00305282
2 0.5 0.838201 1 0.323597 0.00255073
5 0.190171 0.402719 0.0689738 0.260481 0.00248732
3 0.191736 0.318437 0.0661663 0.0956699 0.00238964
3 0.5 0.704861 1 0.590278 0.00216745
4 0.191146 0.398178 0.0734162 0.250743 0.00206464
2 0.51612 0.70636 0.663542 0.500695 0.00121984
