3 0.289356 0.399022 0.573629 0.512154 0.184182
3 0.176624 0.604002 0.162022 0.235456 0.163976
3 0.236339 0.710079 0.459368 0.425 0.114919
3 0.312165 0.610474 0.62433 0.687208 0.075414
3 0.451032 0.32288 0.243679 0.375351 0.049482
3 0.901799 0.0800963 0.127346 0.159784 0.0452943
3 0.465328 0.542913 0.350703 0.829529 0.043396
3 0.153293 0.612893 0.218523 0.302274 0.0218674
3 0.864557 0.471365 0.270886 0.94273 0.0142938
3 0.458351 0.58325 0.615162 0.798181 0.0102597
3 0.753018 0.974009 0.108466 0.0498516 0.00797
3 0.461527 0.436308 0.264499 0.617691 0.00739725
3 0.406155 0.389535 0.377163 0.495029 0.00600174
3 0.131752 0.606522 0.251201 0.438248 0.00589943
3 0.16296 0.68978 0.291019 0.467107 0.0043926
3 0.33444 0.323128 0.476932 0.361256 0.00274281
3 0.262525 0.540531 0.521545 0.47307 0.00215848
3 0.424471 0.407454 0.255208 0.414642 0.00201364
2 0.289356 0.399022 0.573629 0.512154 0.00162946
3 0.874462 0.247006 0.191878 0.468676 0.00157018
3 0.91513 0.470221 0.169741 0.940441 0.00155209
3 0.46691 0.537163 0.319892 0.468375 0.00144875
3 0.889035 0.349421 0.206958 0.698842 0.00138462
4 0.289356 0.399022 0.573629 0.512154 0.00125819
3 0.424991 0.26634 0.258395 0.270715 0.00117943
2 0.176957 0.603101 0.160111 0.234839 0.00116394
5 0.176431 0.604002 0.158387 0.23524 0.00111418
1 0.176957 0.603101 0.160111 0.234839 0.00109669
5 0.289356 0.399022 0.573629 0.512154 0.00103036
0 0.176957 0.603101 0.160111 0.234839 0.00100927
