2 0.210466 0.733298 0.113038 0.162946 0.59269
2 0.128086 0.744889 0.129437 0.16263 0.591337
2 0.340858 0.709589 0.0757685 0.140422 0.54846
2 0.280621 0.717257 0.0884139 0.145568 0.540557
2 0.0519422 0.762954 0.102198 0.176388 0.499848
2 0.389397 0.694977 0.0750077 0.131019 0.382975
2 0.504156 0.669435 0.0700741 0.120799 0.266587
2 0.540848 0.658706 0.0691188 0.10794 0.251176
2 0.459095 0.673944 0.0693911 0.11443 0.236978
2 0.643066 0.645125 0.0805427 0.107116 0.19867
2 0.579831 0.656477 0.0679841 0.110233 0.124955
2 0.663447 0.639644 0.0915521 0.100106 0.0833652
2 0.698099 0.631347 0.0604842 0.0945586 0.0766523
2 0.606862 0.648461 0.0628554 0.0990064 0.0652947
2 0.713767 0.628882 0.0661377 0.0923497 0.0464572
2 0.0990762 0.756143 0.163135 0.177117 0.0371208
2 0.436191 0.693747 0.0686566 0.128448 0.0357202
2 0.479675 0.677243 0.0900596 0.123531 0.0347247
2 0.764975 0.619912 0.0681392 0.0913241 0.03126
2 0.392547 0.70564 0.110741 0.150554 0.026459
2 0.562811 0.653533 0.0901706 0.0968847 0.0253624
2 0.29158 0.724019 0.168678 0.161374 0.0124724
2 0.743512 0.617885 0.0685161 0.0897961 0.0117729
2 0.787201 0.615114 0.093869 0.0883316 0.00976733
2 0.808637 0.610186 0.0706551 0.0907522 0.00882415
2 0.728808 0.626641 0.0616292 0.08738 0.00843749
2 0.252943 0.63495 0.0527917 0.0692936 0.00825458
2 0.826966 0.608466 0.0684184 0.0890591 0.00812595
2 0.348168 0.708936 0.189556 0.158124 0.00733583
2 0.878555 0.566385 0.0744936 0.144873 0.0072526
2 0.397229 0.700488 0.179571 0.154346 0.00643617
2 0.516784 0.655216 0.0714265 0.106054 0.00589038
2 0.0256237 0.640612 0.0498328 0.103302 0.00515791
0 0.211074 0.735346 0.114505 0.168237 0.00488344
2 0.415323 0.679202 0.0736642 0.109388 0.00474931
0 0.128086 0.744889 0.129437 0.16263 0.00470951
2 0.44516 0.690496 0.205125 0.152 0.00423715
2 0.954039 0.561081 0.0875505 0.0940084 0.00413001
1 0.211136 0.732321 0.112772 0.161147 0.00377642
0 0.0529463 0.763007 0.105893 0.178005 0.00370815
1 0.128086 0.744889 0.129437 0.16263 0.00359997
5 0.211136 0.732321 0.112772 0.161147 0.00357013
2 0.274794 0.683286 0.0796526 0.111256 0.00350198
3 0.280621 0.717257 0.0884139 0.145568 0.00346243
2 0.668683 0.627861 0.0613739 0.0897804 0.00342258
4 0.210208 0.732889 0.113611 0.164347 0.00329039
2 0.0604116 0.759073 0.120823 0.191025 0.00323499
1 0.280557 0.716292 0.0944142 0.144615 0.00322657
0 0.281824 0.717568 0.1017 0.147037 0.00314883
3 0.211136 0.732321 0.112772 0.161147 0.00311407
3 0.046684 0.760234 0.0876887 0.16603 0.00310339
1 0.0529463 0.763007 0.105893 0.178005 0.00308967
3 0.128856 0.745579 0.124208 0.157953 0.00306877
5 0.129528 0.746599 0.123398 0.159644 0.00304088
2 0.495398 0.654975 0.0622708 0.0948905 0.00297303
5 0.0522696 0.76256 0.104539 0.173205 0.0027689
4 0.128856 0.745579 0.124208 0.157953 0.00276479
2 0.543883 0.671311 0.196893 0.147557 0.00273067
5 0.280557 0.716292 0.0944142 0.144615 0.00270474
2 0.37605 0.368416 0.0552712 0.0895426 0.00264123
4 0.279797 0.716889 0.0948161 0.147431 0.00258618
3 0.338858 0.707886 0.0782005 0.141398 0.00256114
2 0.333747 0.686053 0.0815802 0.114377 0.00252496
1 0.337981 0.709998 0.0798601 0.145028 0.00232848
1 0.387673 0.693979 0.0803854 0.131424 0.00230295
4 0.0519347 0.762081 0.103869 0.177494 0.00226233
3 0.386644 0.694454 0.0761323 0.12894 0.00214234
1 0.540625 0.6596 0.0649297 0.106116 0.00207165
1 0.460211 0.675229 0.0714259 0.11359 0.00205953
2 0.445408 0.707365 0.125757 0.155368 0.0020264
2 0.809684 0.584596 0.0787582 0.125341 0.00198729
2 0.950144 0.537133 0.0985329 0.141902 0.00195417
2 0.648931 0.649941 0.188694 0.136965 0.00187595
3 0.460211 0.675229 0.0714259 0.11359 0.0018095
2 0.549948 0.580965 0.060185 0.0859678 0.00180191
2 0.586606 0.656758 0.221894 0.139583 0.00173666
2 0.113852 0.625422 0.0703798 0.120757 0.00172937
2 0.725132 0.610652 0.0514414 0.0792034 0.0016528
4 0.387673 0.693979 0.0803854 0.131424 0.00158404
2 0.136292 0.61986 0.0552486 0.119831 0.00157495
2 0.0957752 0.645181 0.0911638 0.0838107 0.00154761
4 0.337981 0.709998 0.0798601 0.145028 0.00145453
2 0.446262 0.613002 0.0619292 0.0740662 0.00144954
2 0.358288 0.608264 0.0742745 0.0773203 0.00144735
2 0.191967 0.649229 0.0795755 0.0827886 0.00141263
2 0.541389 0.658931 0.0564299 0.0773772 0.00139977
2 0.733534 0.563645 0.0692036 0.103783 0.00136332
5 0.338941 0.709664 0.0790803 0.143057 0.00135845
2 0.496753 0.629787 0.0754841 0.0821556 0.00134133
2 0.390205 0.606921 0.0633612 0.0764854 0.00133063
0 0.390309 0.697493 0.0963765 0.140836 0.00127952
2 0.63564 0.627704 0.0680497 0.0813733 0.0012627
1 0.507229 0.667067 0.0701578 0.116592 0.00125089
3 0.540625 0.6596 0.0649297 0.106116 0.00121926
2 0.191288 0.627947 0.0729361 0.0929498 0.00121619
0 0.539189 0.663473 0.076222 0.110208 0.00121324
4 0.540625 0.6596 0.0649297 0.106116 0.00119697
4 0.460211 0.675229 0.0714259 0.11359 0.00119664
2 0.895993 0.562288 0.0734291 0.133563 0.00119339
0 0.45919 0.681909 0.0666255 0.121382 0.00117353
2 0.141022 0.639216 0.0714013 0.0837309 0.0011711
0 0.338941 0.709664 0.0790803 0.143057 0.00116161
5 0.387846 0.696244 0.0775559 0.129231 0.00115601
0 0.648612 0.643345 0.081718 0.0976476 0.00111574
2 0.510335 0.6925 0.070144 0.129752 0.00111364
2 0.867469 0.58656 0.0736725 0.108859 0.00108288
2 0.609545 0.631584 0.0519066 0.0779977 0.00106955
2 0.300014 0.616897 0.0771333 0.0810697 0.00105805
2 0.530757 0.673272 0.0737918 0.119 0.00103601
2 0.854177 0.602109 0.0615738 0.0818318 0.00100149
