3 0.543161 0.587139 0.600515 0.825722 0.697925
3 0.525962 0.462291 0.527206 0.55596 0.344515
3 0.796426 0.115452 0.0577847 0.0676153 0.10313
3 0.217069 0.468932 0.434138 0.937863 0.0264672
3 0.543223 0.582254 0.559373 0.489607 0.0159074
0 0.796426 0.115452 0.0577847 0.0676153 0.00787301
1 0.796426 0.115452 0.0577847 0.0676153 0.00395335
0 0.543161 0.587139 0.600515 0.825722 0.00325056
2 0.543161 0.587139 0.600515 0.825722 0.00250549
5 0.543161 0.587139 0.600515 0.825722 0.00227401
4 0.52784 0.464329 0.541794 0.56263 0.0020523
3 0.441706 0.694947 0.325678 0.610105 0.00187566
3 0.0655379 0.473768 0.131076 0.947536 0.00171749
3 0.412293 0.500877 0.79063 0.692859 0.0017094
0 0.522256 0.464483 0.515092 0.567931 0.00166449
3 0.0278428 0.536657 0.0556857 0.598586 0.0016368
1 0.543161 0.587139 0.600515 0.825722 0.0014312
5 0.522256 0.464483 0.515092 0.567931 0.00133758
3 0.0184163 0.370327 0.0368326 0.465375 0.00128307
2 0.522256 0.464483 0.515092 0.567931 0.00106777
1 0.522256 0.464483 0.515092 0.567931 0.00102606
