2 0.321109 0.500411 0.452748 0.362195 0.896501
2 0.722735 0.506491 0.435059 0.350735 0.864564
0 0.322167 0.501997 0.460124 0.341522 0.00764236
0 0.724311 0.507904 0.442992 0.330274 0.00712619
5 0.724311 0.507904 0.442992 0.330274 0.00472275
5 0.322167 0.501997 0.460124 0.341522 0.00453243
4 0.322167 0.501997 0.460124 0.341522 0.00378692
4 0.724311 0.507904 0.442992 0.330274 0.00371671
1 0.724311 0.507904 0.442992 0.330274 0.00300121
1 0.322167 0.501997 0.460124 0.341522 0.00289397
2 0.951632 0.32249 0.0967357 0.64498 0.00276527
3 0.320145 0.501465 0.456145 0.340605 0.00230555
3 0.722062 0.507401 0.437777 0.330746 0.00223596
2 0.0793891 0.400487 0.158778 0.394224 0.00129474
