2 0.293776 0.498917 0.559446 0.543354 0.793342
2 0.761819 0.404078 0.457387 0.470957 0.7885
2 0.5 0.55254 1 0.749787 0.00491551
0 0.761746 0.405324 0.468388 0.453891 0.00460756
0 0.294903 0.502513 0.581966 0.529559 0.00288873
5 0.761746 0.405324 0.468388 0.453891 0.002851
5 0.294903 0.502513 0.581966 0.529559 0.00279464
4 0.76226 0.402414 0.475479 0.447426 0.00241399
1 0.76226 0.402414 0.475479 0.447426 0.00220063
3 0.761746 0.405324 0.468388 0.453891 0.00206539
3 0.294903 0.502513 0.581966 0.529559 0.00195854
4 0.294903 0.502513 0.581966 0.529559 0.00181118
1 0.294903 0.502513 0.581966 0.529559 0.00163123
