3 0.413842 0.50756 0.63345 0.955271 0.957491
3 0.416876 0.502792 0.606288 0.520149 0.075199
3 0.412886 0.310317 0.632487 0.528189 0.012247
3 0.803045 0.506699 0.39391 0.986602 0.00995414
3 0.0879165 0.510358 0.175833 0.972025 0.00478042
3 0.174819 0.501621 0.349638 0.996757 0.00417816
3 0.273197 0.508274 0.448322 0.946653 0.00407047
3 0.635465 0.514582 0.474485 0.970836 0.00288917
4 0.430926 0.523407 0.623501 0.911987 0.00282622
0 0.426338 0.509637 0.628802 0.9458 0.00271749
5 0.426338 0.509637 0.628802 0.9458 0.00178641
3 0.892772 0.529592 0.214456 0.940815 0.00169445
2 0.426338 0.509637 0.628802 0.9458 0.00143838
1 0.426338 0.509637 0.628802 0.9458 0.00132456
3 0.400511 0.680642 0.693802 0.602008 0.00119806
