2 0.708591 0.709579 0.373861 0.404964 0.511807
2 0.102341 0.485934 0.204683 0.445308 0.111901
2 0.887312 0.704861 0.158753 0.427096 0.0446546
2 0.45938 0.634223 0.187514 0.229121 0.0333607
2 0.0883809 0.421244 0.176762 0.309624 0.033288
2 0.205471 0.811399 0.260618 0.290735 0.00693413
2 0.604926 0.679472 0.583446 0.376933 0.00675
2 0.399167 0.611924 0.144614 0.20596 0.00483204
2 0.36425 0.596095 0.130466 0.175138 0.00428887
2 0.276221 0.581379 0.16562 0.146392 0.00400912
0 0.708591 0.709579 0.373861 0.404964 0.00381321
2 0.843171 0.710632 0.2903 0.39553 0.00329521
2 0.381889 0.56615 0.0918453 0.107299 0.00286354
5 0.708591 0.709579 0.373861 0.404964 0.00275125
2 0.692192 0.72623 0.322767 0.262806 0.00259841
2 0.18984 0.408861 0.0677354 0.15613 0.00227327
1 0.708591 0.709579 0.373861 0.404964 0.00218419
3 0.708591 0.709579 0.373861 0.404964 0.00207444
2 0.508223 0.655477 0.246665 0.250469 0.0020531
2 0.475915 0.545548 0.120818 0.0790981 0.00198372
2 0.334654 0.589235 0.21264 0.162294 0.00198349
3 0.102351 0.481888 0.204703 0.448866 0.00183431
4 0.708591 0.709579 0.373861 0.404964 0.00174723
2 0.108433 0.602207 0.213853 0.54333 0.00171468
2 0.88964 0.645504 0.154232 0.260037 0.00163052
2 0.490288 0.535004 0.111101 0.0616676 0.00156602
2 0.162162 0.406849 0.136802 0.241103 0.00143145
2 0.495519 0.676698 0.335574 0.315571 0.00124253
2 0.175623 0.709248 0.351245 0.572042 0.00123773
2 0.370691 0.592481 0.0775125 0.156635 0.00114371
2 0.465173 0.527513 0.0987508 0.0596776 0.00113179
2 0.421409 0.648286 0.177233 0.206372 0.00102507
