0 0.628992 0.329421 0.0397277 0.156779 0.888411
0 0.341064 0.695044 0.0526082 0.135346 0.885279
0 0.140435 0.686087 0.0522881 0.125443 0.872437
0 0.575148 0.662308 0.0281068 0.0676695 0.848565
0 0.654786 0.327619 0.0104396 0.123186 0.833985
0 0.750982 0.772442 0.0574152 0.137012 0.795105
0 0.901301 0.645708 0.0141689 0.0333371 0.54756
0 0.652593 0.329651 0.0181003 0.137991 0.285808
0 0.916368 0.643431 0.0115522 0.0287229 0.117182
0 0.896174 0.647228 0.0125252 0.0314187 0.0955821
0 0.920137 0.644058 0.0109076 0.0263312 0.0251137
0 0.65712 0.329642 0.0134839 0.139583 0.0227887
0 0.754394 0.729652 0.0645761 0.213176 0.00764473
1 0.654446 0.328106 0.010455 0.124839 0.00745106
0 0.892546 0.646671 0.0102287 0.0357822 0.00694386
0 0.613746 0.325863 0.0191369 0.165936 0.00539027
1 0.629527 0.329917 0.0407344 0.16122 0.00502778
0 0.9205 0.643612 0.01518 0.0344233 0.00420222
2 0.140344 0.686101 0.0533926 0.127289 0.00417606
5 0.629527 0.329917 0.0407344 0.16122 0.0041332
0 0.896556 0.643498 0.0177633 0.0449663 0.00409239
2 0.341027 0.692951 0.0534323 0.134847 0.00401635
3 0.629527 0.329917 0.0407344 0.16122 0.00383751
1 0.341105 0.694797 0.0521287 0.13767 0.0037615
1 0.139995 0.686779 0.052274 0.12637 0.00356181
0 0.653432 0.33048 0.0253551 0.166213 0.00352174
3 0.654446 0.328106 0.010455 0.124839 0.00343699
1 0.752215 0.771719 0.058108 0.140389 0.00343195
0 0.657983 0.322122 0.00806046 0.117126 0.00342799
4 0.140532 0.686044 0.0527868 0.12574 0.00336654
2 0.752215 0.771719 0.058108 0.140389 0.00326253
4 0.341105 0.694797 0.0521287 0.13767 0.00323921
2 0.629527 0.329917 0.0407344 0.16122 0.00321517
4 0.629527 0.329917 0.0407344 0.16122 0.00307565
0 0.752875 0.751237 0.208629 0.258693 0.00297671
5 0.341694 0.693958 0.053359 0.13734 0.00294202
0 0.351962 0.710682 0.213131 0.263301 0.00275832
5 0.141011 0.686589 0.0527899 0.127399 0.00275289
2 0.575101 0.661633 0.0293655 0.067205 0.00274275
3 0.752215 0.771719 0.058108 0.140389 0.00273757
3 0.341105 0.694797 0.0521287 0.13767 0.00270513
4 0.752215 0.771719 0.058108 0.140389 0.00269197
0 0.631347 0.645785 0.0172666 0.0452415 0.00265979
3 0.139995 0.686779 0.052274 0.12637 0.00258199
5 0.752215 0.771719 0.058108 0.140389 0.00244939
1 0.575153 0.662077 0.0293098 0.0665491 0.00236036
0 0.152215 0.706922 0.215774 0.264402 0.00231518
1 0.656972 0.328557 0.00949707 0.123483 0.00222108
4 0.575153 0.662077 0.0293098 0.0665491 0.00211446
0 0.654261 0.303133 0.0064374 0.081606 0.00208219
3 0.575101 0.661633 0.0293655 0.067205 0.00186605
0 0.737992 0.301469 0.0252558 0.0899545 0.00186144
0 0.574919 0.673891 0.0473432 0.0964188 0.00176755
0 0.630152 0.331284 0.0620859 0.173264 0.00168153
5 0.575153 0.662077 0.0293098 0.0665491 0.00158532
1 0.901349 0.645039 0.0140709 0.0349728 0.00152067
4 0.654446 0.328106 0.010455 0.124839 0.00150263
0 0.633724 0.648178 0.0212725 0.0612005 0.0014946
0 0.737113 0.299783 0.0183318 0.0649772 0.00141898
3 0.656972 0.328557 0.00949707 0.123483 0.00137895
0 0.766817 0.76147 0.0674212 0.138428 0.00137562
1 0.652312 0.329988 0.0216887 0.140034 0.00131685
0 0.901744 0.645543 0.0257589 0.0411975 0.00121879
0 0.892604 0.645827 0.015592 0.0422351 0.00108241
