0 0.731754 0.751823 0.0861492 0.233717 0.907363
0 0.227096 0.703913 0.0631352 0.158714 0.896221
0 0.626351 0.325449 0.0395249 0.160745 0.885279
0 0.0194467 0.689731 0.0388933 0.145919 0.882219
0 0.651857 0.323271 0.0115451 0.130744 0.83799
0 0.543277 0.661842 0.0314758 0.076887 0.825939
0 0.638106 0.671667 0.0251032 0.0601759 0.721759
0 0.89657 0.644224 0.0115393 0.0308051 0.0748345
0 0.902776 0.643813 0.0192928 0.0296532 0.0487057
0 0.909465 0.643101 0.0140745 0.0274261 0.0474411
0 0.742037 0.760835 0.154912 0.26109 0.0138405
0 0.657747 0.327307 0.0106855 0.137935 0.0127209
1 0.651824 0.322454 0.0102016 0.124526 0.00897748
0 0.650403 0.30311 0.00916023 0.121234 0.00869484
0 0.643021 0.686286 0.0334238 0.0831953 0.00869124
0 0.628347 0.68075 0.0304096 0.0753733 0.00755098
0 0.242218 0.711178 0.17435 0.234725 0.0057632
1 0.627078 0.326415 0.0401659 0.164311 0.00487529
0 0.651792 0.325736 0.0233372 0.165395 0.00478448
4 0.732008 0.750551 0.0876062 0.230863 0.00470809
1 0.0193251 0.689916 0.0386503 0.146195 0.0046732
1 0.227121 0.703366 0.0669442 0.158516 0.00460513
1 0.732008 0.750551 0.0876062 0.230863 0.0044905
0 0.650899 0.301617 0.00627337 0.103477 0.00433938
5 0.627078 0.326415 0.0401659 0.164311 0.00416988
3 0.651824 0.322454 0.0102016 0.124526 0.00413248
0 0.63621 0.666135 0.0309289 0.0819586 0.00399806
2 0.732008 0.750551 0.0876062 0.230863 0.0039619
5 0.731249 0.751573 0.0873186 0.230836 0.0039508
3 0.626796 0.326458 0.0403306 0.163811 0.00388839
2 0.228125 0.704183 0.0628254 0.160824 0.00379563
4 0.226254 0.702811 0.0669678 0.158144 0.00374655
5 0.227121 0.703366 0.0669442 0.158516 0.00370638
2 0.0193251 0.689916 0.0386503 0.146195 0.00365446
3 0.226254 0.702811 0.0669678 0.158144 0.00364642
3 0.732008 0.750551 0.0876062 0.230863 0.00363223
4 0.0193251 0.689916 0.0386503 0.146195 0.00357966
3 0.0194545 0.690323 0.038909 0.140636 0.00354851
2 0.626351 0.325449 0.0395249 0.160745 0.00333266
0 0.615497 0.324525 0.0270739 0.16818 0.00332531
5 0.0193251 0.689916 0.0386503 0.146195 0.00312629
2 0.543535 0.662573 0.0328358 0.073908 0.00310911
4 0.627078 0.326415 0.0401659 0.164311 0.00291003
1 0.544047 0.66272 0.0321199 0.0736206 0.00288544
0 0.897668 0.641637 0.0159782 0.0431059 0.00265705
0 0.0131628 0.682302 0.0263256 0.133042 0.00262996
0 0.541266 0.663938 0.047785 0.0878431 0.00259637
4 0.544047 0.66272 0.0321199 0.0736206 0.0024849
5 0.543165 0.662325 0.0319034 0.0766866 0.0024198
3 0.544047 0.66272 0.0321199 0.0736206 0.00227874
0 0.026233 0.687929 0.052466 0.168375 0.0021907
0 0.642406 0.691362 0.0456447 0.115283 0.00209746
0 0.656983 0.143002 0.0119129 0.0570221 0.00198841
0 0.658015 0.325681 0.015903 0.156092 0.00181985
1 0.637784 0.67207 0.0244347 0.0599807 0.00162264
4 0.651824 0.322454 0.0102016 0.124526 0.00150023
1 0.654145 0.323919 0.0105069 0.135939 0.00141141
2 0.638114 0.671397 0.0269513 0.0575314 0.00139387
0 0.654907 0.285378 0.0104916 0.0798309 0.00134246
4 0.638097 0.671419 0.0248094 0.0555011 0.00132505
0 0.657868 0.139421 0.0159561 0.0712896 0.00131858
5 0.637784 0.67207 0.0244347 0.0599807 0.0012843
3 0.637712 0.672237 0.025205 0.059269 0.00117803
0 0.602098 0.326499 0.020164 0.173103 0.00115031
5 0.652784 0.324864 0.0135769 0.140275 0.00112346
0 0.0038083 0.648897 0.00761659 0.0482272 0.00102753
0 0.916835 0.63834 0.01112 0.0290582 0.00101802
0 0.531231 0.659295 0.0315701 0.068489 0.00101437
0 0.664671 0.141276 0.0130557 0.0519242 0.00101183
