0 0.734293 0.746606 0.0813024 0.226986 0.902984
0 0.247784 0.703505 0.0583902 0.154026 0.898456
0 0.626845 0.326595 0.040131 0.159475 0.890612
0 0.0327714 0.689943 0.0576121 0.144744 0.877056
0 0.548802 0.663108 0.0305046 0.0752027 0.84032
0 0.652618 0.32465 0.011564 0.126973 0.835172
0 0.642621 0.672497 0.0236957 0.0586819 0.648573
0 0.898471 0.646392 0.0121958 0.0291069 0.0364251
0 0.902061 0.644871 0.0191372 0.0323278 0.0262227
0 0.657462 0.329286 0.0103522 0.132972 0.0257919
0 0.909242 0.644691 0.014876 0.0267873 0.0158206
0 0.744042 0.756229 0.156406 0.260689 0.0130803
0 0.65158 0.302326 0.00948753 0.0899302 0.0102768
1 0.652467 0.324704 0.0101488 0.124969 0.00919069
0 0.643151 0.674897 0.0311924 0.0776292 0.00811824
0 0.615731 0.325087 0.0256832 0.167489 0.00519057
1 0.627557 0.327519 0.0408934 0.16363 0.00491562
0 0.90853 0.641353 0.0105659 0.0306566 0.00477149
4 0.734309 0.746036 0.0828156 0.225934 0.00463727
1 0.734309 0.746036 0.0828156 0.225934 0.00451346
0 0.253508 0.712748 0.197387 0.257793 0.00431508
5 0.627557 0.327519 0.0408934 0.16363 0.00415726
3 0.652467 0.324704 0.0101488 0.124969 0.00398832
1 0.0327714 0.689943 0.0576121 0.144744 0.00396982
5 0.734019 0.74752 0.0818685 0.225792 0.00396295
2 0.734309 0.746036 0.0828156 0.225934 0.0039226
0 0.0697393 0.704771 0.139479 0.242533 0.00388422
2 0.0327714 0.689943 0.0576121 0.144744 0.00387914
3 0.627557 0.327519 0.0408934 0.16363 0.00384529
1 0.248053 0.702129 0.0579523 0.15737 0.0038049
0 0.652126 0.327555 0.0238063 0.165251 0.00380235
3 0.734309 0.746036 0.0828156 0.225934 0.00364317
2 0.248205 0.70156 0.0573111 0.153048 0.00359816
0 0.909804 0.642892 0.0200666 0.0343797 0.00349587
3 0.247298 0.703986 0.0590385 0.157853 0.00338906
4 0.0327714 0.689943 0.0576121 0.144744 0.0033373
0 0.657724 0.327969 0.0154606 0.150217 0.00331023
2 0.626845 0.326595 0.040131 0.159475 0.00330414
4 0.248205 0.70156 0.0573111 0.153048 0.00310991
5 0.248071 0.701836 0.0574787 0.154133 0.00302587
4 0.627557 0.327519 0.0408934 0.16363 0.00298231
5 0.0333023 0.690094 0.058916 0.143559 0.00294905
2 0.549083 0.663257 0.0315638 0.0736335 0.00287684
3 0.0325465 0.690384 0.0565199 0.140486 0.00275515
0 0.0202813 0.665606 0.0390879 0.10045 0.00268381
1 0.549279 0.663586 0.0315105 0.0728861 0.00266328
0 0.547572 0.66599 0.047352 0.0878521 0.00255686
0 0.644845 0.688444 0.0390604 0.109222 0.00253033
0 0.656616 0.145643 0.0110697 0.0595042 0.00239374
4 0.548187 0.663414 0.0307209 0.0718697 0.00235907
0 0.631608 0.673038 0.0356493 0.0727309 0.00231777
0 0.668902 0.147559 0.00843573 0.0474015 0.00221478
3 0.549279 0.663586 0.0315105 0.0728861 0.00198981
5 0.548683 0.663347 0.0311916 0.0759874 0.00182984
2 0.643214 0.673063 0.0249632 0.0598639 0.00164395
0 0.8977 0.64143 0.0147188 0.0430942 0.00163548
0 0.670639 0.151302 0.00691795 0.0390816 0.00161515
1 0.643214 0.673063 0.0249632 0.0598639 0.00160588
4 0.652467 0.324704 0.0101488 0.124969 0.00147573
0 0.671412 0.151947 0.0108839 0.0574502 0.00137011
0 0.662619 0.340835 0.00871458 0.138407 0.00132755
4 0.64254 0.672131 0.0248363 0.0556754 0.00131378
0 0.617259 0.68889 0.0396426 0.0895318 0.00117586
0 0.628458 0.32824 0.0615812 0.178017 0.00113351
3 0.642435 0.672792 0.0243937 0.0615312 0.00112697
5 0.642546 0.672702 0.0238998 0.062458 0.0011185
0 0.653779 0.286419 0.00826016 0.0599451 0.00110152
5 0.653293 0.326233 0.0132016 0.138197 0.00105617
