0 0.628882 0.329406 0.0398081 0.158053 0.889157
0 0.333834 0.69495 0.0524609 0.139196 0.881242
0 0.129949 0.687079 0.0505578 0.125027 0.874509
0 0.572463 0.662606 0.0274999 0.0668594 0.838856
0 0.654511 0.327575 0.0102647 0.123612 0.833324
0 0.750009 0.774485 0.0575133 0.133283 0.800116
0 0.901191 0.645312 0.0138973 0.0332964 0.553279
0 0.653055 0.329273 0.0170586 0.137892 0.29019
0 0.656921 0.329268 0.0101198 0.128371 0.128575
0 0.916358 0.643218 0.011655 0.0287955 0.117195
0 0.89644 0.647261 0.0122715 0.0319193 0.0869253
0 0.92018 0.643834 0.0109203 0.0262288 0.0251361
1 0.654141 0.327955 0.0102409 0.125084 0.0079868
0 0.613827 0.325586 0.0198857 0.167446 0.0061588
0 0.759066 0.74365 0.060035 0.155543 0.00543245
1 0.629409 0.329915 0.0408243 0.16228 0.00504159
0 0.896897 0.643089 0.0177641 0.0450307 0.0043872
5 0.629409 0.329915 0.0408243 0.16228 0.00414776
0 0.892637 0.647133 0.0105255 0.0365372 0.00414606
0 0.920548 0.643397 0.0151966 0.0342433 0.00413469
1 0.333857 0.694695 0.0521696 0.141839 0.00409654
2 0.130415 0.686202 0.0525587 0.126622 0.00388017
1 0.130383 0.686148 0.0518112 0.127053 0.00387893
3 0.629409 0.329915 0.0408243 0.16228 0.00384005
2 0.333934 0.694164 0.0525576 0.138861 0.00361002
3 0.654141 0.327955 0.0102409 0.125084 0.00357639
1 0.750947 0.773849 0.0585098 0.13599 0.00353251
0 0.653221 0.330618 0.0253162 0.167601 0.00338125
4 0.130415 0.686202 0.0525587 0.126622 0.00336106
2 0.750947 0.773849 0.0585098 0.13599 0.00334503
4 0.333857 0.694695 0.0521696 0.141839 0.0032996
2 0.629409 0.329915 0.0408243 0.16228 0.00319487
5 0.334172 0.694416 0.0531087 0.141182 0.00312372
4 0.629409 0.329915 0.0408243 0.16228 0.00306767
5 0.130383 0.686148 0.0518112 0.127053 0.00294845
0 0.754468 0.791649 0.20107 0.254727 0.00291448
3 0.333857 0.694695 0.0521696 0.141839 0.00290568
3 0.130383 0.686148 0.0518112 0.127053 0.00289634
0 0.348299 0.71069 0.210701 0.259623 0.00281326
4 0.750947 0.773849 0.0585098 0.13599 0.00279536
3 0.750947 0.773849 0.0585098 0.13599 0.00277426
5 0.750947 0.773849 0.0585098 0.13599 0.0025484
2 0.572791 0.662087 0.0287613 0.0671011 0.00248039
1 0.572603 0.662055 0.028487 0.06706 0.00242352
0 0.146831 0.707511 0.214626 0.258244 0.0024123
4 0.572101 0.663019 0.0276625 0.0663626 0.00230328
0 0.653931 0.30342 0.0063549 0.0832032 0.00206341
5 0.572249 0.662376 0.0274056 0.0708781 0.00177644
1 0.656921 0.329268 0.0101198 0.128371 0.00176099
3 0.572603 0.662055 0.028487 0.06706 0.00175958
0 0.630059 0.331235 0.0620005 0.174107 0.0016994
0 0.750938 0.733467 0.0633253 0.204015 0.00164314
1 0.901244 0.644619 0.0138126 0.0348959 0.00157854
4 0.654141 0.327955 0.0102409 0.125084 0.00151366
0 0.738155 0.301 0.0249718 0.0855266 0.00145528
0 0.575255 0.667599 0.0357716 0.0961567 0.00144729
0 0.758792 0.758371 0.0485758 0.111112 0.00135737
1 0.652783 0.329686 0.0206086 0.140157 0.0013255
0 0.739483 0.787449 0.0646927 0.133052 0.00128128
0 0.737248 0.299603 0.0179711 0.0635095 0.00116741
3 0.656964 0.328373 0.0095829 0.124171 0.00113642
0 0.902822 0.64278 0.0253296 0.0408563 0.00102252
