0 0.738907 0.755744 0.0862005 0.248913 0.906958
0 0.205122 0.704982 0.0638813 0.156089 0.895023
0 0.625066 0.32567 0.0411839 0.162083 0.893633
0 0.53724 0.663031 0.0313104 0.0765515 0.836774
0 0.633607 0.670275 0.0257125 0.0634727 0.806172
0 0.650598 0.323788 0.0111092 0.129273 0.786721
0 0.00934145 0.702795 0.0186829 0.11783 0.242358
0 0.895372 0.643577 0.0119246 0.0324839 0.0346235
0 0.902908 0.643056 0.0175245 0.029578 0.0233923
0 0.909281 0.641957 0.0135336 0.0276935 0.0189985
0 0.745615 0.765263 0.155502 0.27628 0.0155775
0 0.0149133 0.697201 0.0298267 0.122199 0.0140305
1 0.65054 0.322597 0.0097846 0.125839 0.00949973
0 0.00753119 0.71961 0.0149925 0.0861065 0.00730343
0 0.649194 0.305397 0.00892715 0.125417 0.00720607
0 0.650234 0.327206 0.0227719 0.167065 0.00603054
0 0.660145 0.328258 0.0096056 0.134447 0.00583569
0 0.204336 0.712556 0.178027 0.240987 0.00576972
3 0.65054 0.322597 0.0097846 0.125839 0.00505636
0 0.0121949 0.678562 0.0243898 0.176398 0.00480554
1 0.625778 0.32729 0.0415201 0.165489 0.00479207
4 0.738777 0.755707 0.0875958 0.246021 0.00444958
1 0.738777 0.755707 0.0875958 0.246021 0.00443185
1 0.205115 0.704633 0.0679067 0.157758 0.00435559
5 0.625778 0.32729 0.0415201 0.165489 0.00410368
4 0.205115 0.704633 0.0679067 0.157758 0.00394446
2 0.205115 0.704633 0.0679067 0.157758 0.00392753
5 0.738645 0.756828 0.0868523 0.245646 0.00387061
5 0.205115 0.704633 0.0679067 0.157758 0.00382565
3 0.738777 0.755707 0.0875958 0.246021 0.00373351
2 0.738777 0.755707 0.0875958 0.246021 0.00371251
3 0.625778 0.32729 0.0415201 0.165489 0.00370043
0 0.535336 0.654102 0.0465411 0.0893895 0.00364496
0 0.615325 0.326127 0.0311337 0.169784 0.00358389
3 0.205115 0.704633 0.0679067 0.157758 0.00341645
0 0.909957 0.640526 0.0184103 0.0374065 0.00340548
2 0.625066 0.32567 0.0411839 0.162083 0.00338187
2 0.538443 0.661336 0.0336625 0.0738371 0.00338027
4 0.625778 0.32729 0.0415201 0.165489 0.00295336
1 0.537751 0.662037 0.0311857 0.0742636 0.0028278
3 0.537751 0.662037 0.0311857 0.0742636 0.00240743
2 0.633796 0.669387 0.0279043 0.0616578 0.00233505
0 0.908647 0.647234 0.010965 0.0336773 0.00229657
4 0.537751 0.662037 0.0311857 0.0742636 0.00226383
5 0.537751 0.662037 0.0311857 0.0742636 0.00217547
1 0.633796 0.669387 0.0279043 0.0616578 0.00194176
1 0.00934145 0.702795 0.0186829 0.11783 0.00186294
0 0.896769 0.641304 0.0165749 0.0448947 0.00171264
5 0.633607 0.670275 0.0257125 0.0634727 0.00166334
4 0.633893 0.670116 0.0256071 0.0612794 0.00152567
0 0.197895 0.680812 0.0621147 0.140611 0.00145986
3 0.633796 0.669387 0.0279043 0.0616578 0.00145085
4 0.65054 0.322597 0.0097846 0.125839 0.00144815
0 0.020843 0.667081 0.041686 0.14511 0.0014153
0 0.657215 0.142612 0.0122889 0.0534311 0.00129425
0 0.602824 0.326631 0.0201188 0.170172 0.001195
0 0.00732604 0.739154 0.0146521 0.0567696 0.00118907
0 0.646793 0.685881 0.0330282 0.0853785 0.00116668
5 0.65102 0.326836 0.0141639 0.142357 0.00111777
0 0.892653 0.6471 0.0123686 0.0377742 0.00109265
