0 0.14491 0.705098 0.0667061 0.177161 0.91982
0 0.75954 0.768183 0.101975 0.280246 0.915433
0 0.622656 0.322356 0.0397156 0.158059 0.912419
0 0.521411 0.662772 0.0330074 0.0772134 0.833209
0 0.620423 0.66611 0.0297516 0.0722841 0.811676
0 0.649124 0.320637 0.0101458 0.124695 0.782424
0 0.891931 0.643074 0.0126848 0.0352419 0.221064
0 0.647723 0.300983 0.00858154 0.0995141 0.0308628
0 0.901855 0.640619 0.0146629 0.0280904 0.0269382
0 0.907035 0.638652 0.00918102 0.0265594 0.015983
1 0.648615 0.319859 0.010301 0.127425 0.0087493
0 0.76941 0.774897 0.160298 0.298769 0.00721649
0 0.151198 0.709538 0.167016 0.243375 0.00698609
0 0.892178 0.641522 0.0174889 0.0459083 0.00671277
0 0.909687 0.639063 0.0138405 0.0335832 0.00528178
0 0.650929 0.335164 0.0104009 0.150162 0.00522183
0 0.649319 0.318954 0.0214599 0.161664 0.00498143
1 0.145221 0.703656 0.0695334 0.177523 0.00490871
1 0.622656 0.322356 0.0397156 0.158059 0.00455718
5 0.759589 0.767897 0.100534 0.273786 0.00438786
4 0.145221 0.703656 0.0695334 0.177523 0.00436516
2 0.145221 0.703656 0.0695334 0.177523 0.00431801
0 0.648771 0.28498 0.00676479 0.0619629 0.00408884
1 0.758978 0.7694 0.102113 0.275293 0.00405787
5 0.145221 0.703656 0.0695334 0.177523 0.00394475
2 0.758978 0.7694 0.102113 0.275293 0.00389288
4 0.758978 0.7694 0.102113 0.275293 0.00387998
3 0.145221 0.703656 0.0695334 0.177523 0.00380854
5 0.623975 0.325017 0.0404808 0.159155 0.00373237
3 0.759589 0.767897 0.100534 0.273786 0.00369683
0 0.648332 0.305251 0.0137567 0.127788 0.00368437
3 0.649318 0.319226 0.00925083 0.125643 0.00355864
3 0.622194 0.322425 0.0399343 0.159807 0.00353682
2 0.622656 0.322356 0.0397156 0.158059 0.00337433
0 0.621913 0.6672 0.0488046 0.0853454 0.0031071
2 0.521786 0.661839 0.0324028 0.0742597 0.00293691
1 0.521965 0.661823 0.0323873 0.0742534 0.00285078
4 0.623975 0.325017 0.0404808 0.159155 0.00280813
2 0.620797 0.666296 0.0313076 0.0683762 0.00279025
0 0.520622 0.6632 0.0477684 0.0918706 0.00268771
4 0.521214 0.661913 0.0318466 0.0733223 0.00258208
0 0.661296 0.315839 0.0118708 0.126198 0.00251272
1 0.621184 0.666235 0.0320373 0.0692544 0.00249433
4 0.620136 0.666752 0.0312844 0.0681237 0.0024826
5 0.521172 0.661514 0.0322816 0.0774257 0.0022814
3 0.521965 0.661823 0.0323873 0.0742534 0.0021409
5 0.620302 0.666823 0.0296906 0.0717902 0.00185947
3 0.621184 0.666235 0.0320373 0.0692544 0.00180187
0 0.667282 0.143404 0.00675411 0.0464681 0.00171755
4 0.648615 0.319859 0.010301 0.127425 0.001279
0 0.911604 0.635048 0.0102549 0.0291118 0.00120489
0 0.66188 0.315572 0.00715809 0.115922 0.00108034
0 0.601001 0.31169 0.0179314 0.181056 0.00107596
