0 0.321197 0.697866 0.0520419 0.137084 0.890115
0 0.628694 0.329065 0.0395073 0.157543 0.886854
0 0.116444 0.687847 0.0520356 0.127655 0.875219
0 0.65441 0.327336 0.0102313 0.125192 0.836533
0 0.56901 0.661443 0.0285697 0.0717708 0.825131
0 0.751578 0.764455 0.0588057 0.115769 0.635395
0 0.900718 0.645873 0.0151924 0.0347898 0.597343
0 0.653375 0.32891 0.0157884 0.1378 0.279848
0 0.916749 0.643771 0.0119692 0.0288668 0.129035
0 0.897274 0.647338 0.0131605 0.0322833 0.127323
0 0.656994 0.328926 0.0101513 0.131436 0.126254
0 0.920097 0.64424 0.0108051 0.0261753 0.0319219
0 0.897448 0.644359 0.0180466 0.0446703 0.012214
1 0.654027 0.327725 0.0101551 0.126624 0.0086208
0 0.754479 0.729353 0.0655405 0.175226 0.00766229
0 0.613708 0.325181 0.0207831 0.167224 0.00622273
0 0.920452 0.643826 0.0148701 0.0339308 0.00519232
1 0.629245 0.329576 0.0405225 0.161653 0.00501224
0 0.652918 0.303938 0.00892611 0.0898496 0.0049614
5 0.629245 0.329576 0.0405225 0.161653 0.00414891
1 0.321483 0.69764 0.052063 0.141521 0.00387577
3 0.629245 0.329576 0.0405225 0.161653 0.00386794
2 0.116193 0.687305 0.0525576 0.129045 0.00373492
2 0.321771 0.695601 0.0518155 0.137121 0.0036306
3 0.654027 0.327725 0.0101551 0.126624 0.00360244
1 0.115951 0.688419 0.0524185 0.129471 0.00352526
0 0.653212 0.33014 0.0251628 0.167321 0.00341014
2 0.629245 0.329576 0.0405225 0.161653 0.00321497
4 0.115916 0.688701 0.0531976 0.128751 0.00313832
2 0.752721 0.765602 0.06001 0.111658 0.00306684
4 0.629245 0.329576 0.0405225 0.161653 0.00305988
0 0.34073 0.713717 0.212564 0.25698 0.00297137
4 0.320707 0.697116 0.0528084 0.138421 0.00286976
2 0.56938 0.661864 0.0299122 0.0687731 0.00280774
0 0.671674 0.161102 0.00690823 0.045701 0.00278977
3 0.320707 0.697116 0.0528084 0.138421 0.00272884
1 0.569649 0.661853 0.0295443 0.0683555 0.00267316
5 0.115951 0.688419 0.0524185 0.129471 0.00261929
0 0.137359 0.70872 0.212282 0.256345 0.00258387
3 0.116193 0.687305 0.0525576 0.129045 0.00257227
5 0.320707 0.697116 0.0528084 0.138421 0.00252558
1 0.752721 0.765602 0.06001 0.111658 0.00249181
0 0.892731 0.64769 0.0113688 0.0386536 0.0024306
0 0.653946 0.160546 0.00870838 0.0464563 0.00239694
0 0.309856 0.678558 0.237743 0.290394 0.00237298
4 0.568713 0.662232 0.0287219 0.0685945 0.00236254
3 0.752721 0.765602 0.06001 0.111658 0.00233749
0 0.114071 0.668482 0.228143 0.284878 0.00221899
5 0.568887 0.661988 0.0290723 0.0712262 0.00220883
0 0.670496 0.157886 0.00686979 0.0362119 0.00215379
4 0.752721 0.765602 0.06001 0.111658 0.00210348
5 0.753088 0.762893 0.0595633 0.115661 0.00209919
0 0.729909 0.770289 0.0622159 0.112758 0.00205273
3 0.569649 0.661853 0.0295443 0.0683555 0.00205112
0 0.766059 0.760285 0.0698903 0.121591 0.00174319
0 0.653921 0.295915 0.00551844 0.0784075 0.00172006
1 0.656994 0.328926 0.0101513 0.131436 0.00171474
0 0.671222 0.157888 0.0118301 0.0560059 0.00166473
4 0.654027 0.327725 0.0101551 0.126624 0.00149191
0 0.75409 0.743709 0.222349 0.273433 0.00143378
0 0.629791 0.331055 0.0617881 0.174371 0.00139656
1 0.900815 0.645293 0.0150204 0.0360493 0.00132101
1 0.65311 0.329322 0.0194968 0.140632 0.00123335
3 0.657038 0.328041 0.00960436 0.126254 0.00106632
0 0.570543 0.658539 0.0481023 0.0829531 0.00106278
0 0.726656 0.757624 0.0858548 0.115024 0.00105518
