0 0.290857 0.69852 0.0544345 0.145277 0.888321
0 0.628097 0.327925 0.0394401 0.15754 0.887564
0 0.0806517 0.690363 0.0553994 0.131353 0.874312
0 0.654042 0.326554 0.0107005 0.125966 0.842155
0 0.560903 0.664447 0.0285335 0.0717227 0.838158
0 0.73809 0.777078 0.0813685 0.124659 0.53965
0 0.900822 0.646725 0.0143244 0.0333588 0.424891
0 0.654035 0.328135 0.0171702 0.140458 0.10244
0 0.65699 0.329319 0.0104824 0.132522 0.087716
0 0.897725 0.647667 0.0127914 0.0329509 0.0843826
0 0.903229 0.642949 0.0146519 0.0329084 0.061886
0 0.722893 0.761716 0.120853 0.130918 0.0573757
0 0.911139 0.64518 0.0145988 0.0277457 0.045709
1 0.653698 0.327021 0.0106181 0.126658 0.00904053
0 0.89735 0.644394 0.0189615 0.0460141 0.00625408
0 0.916385 0.640336 0.0105112 0.027551 0.00528489
1 0.628735 0.328554 0.0403936 0.161726 0.00500659
0 0.614368 0.325492 0.0225372 0.167252 0.00465266
0 0.91573 0.647721 0.0119598 0.0302138 0.00450012
0 0.0709417 0.673657 0.0542334 0.110809 0.0043017
5 0.628735 0.328554 0.0403936 0.161726 0.00417889
0 0.652382 0.3038 0.00912886 0.0919482 0.00396841
0 0.653089 0.328753 0.0247039 0.165064 0.00394601
3 0.628735 0.328554 0.0403936 0.161726 0.0038951
2 0.0812804 0.68982 0.0562833 0.132683 0.00386095
1 0.0812804 0.68982 0.0562833 0.132683 0.00382595
3 0.653698 0.327021 0.0106181 0.126658 0.00382114
2 0.290874 0.697638 0.0563864 0.142589 0.00374174
1 0.290857 0.69852 0.0544345 0.145277 0.00371431
0 0.301407 0.711729 0.202911 0.257617 0.00348363
4 0.0812804 0.68982 0.0562833 0.132683 0.00330167
2 0.628735 0.328554 0.0403936 0.161726 0.0032506
4 0.290857 0.69852 0.0544345 0.145277 0.00323037
4 0.628735 0.328554 0.0403936 0.161726 0.00304911
5 0.291532 0.698218 0.0556095 0.14538 0.00300419
0 0.0985845 0.708001 0.197169 0.249464 0.00295349
5 0.0812804 0.68982 0.0562833 0.132683 0.00287124
0 0.742779 0.74787 0.08689 0.149545 0.00286862
2 0.737995 0.776531 0.0856018 0.130673 0.00283845
3 0.0812804 0.68982 0.0562833 0.132683 0.00281892
2 0.561155 0.663865 0.0294016 0.0694336 0.0027938
0 0.920496 0.643776 0.0115553 0.028575 0.00276463
0 0.65326 0.295616 0.005651 0.0814394 0.00274561
1 0.561155 0.663865 0.0294016 0.0694336 0.00259919
3 0.290857 0.69852 0.0544345 0.145277 0.0025862
3 0.561155 0.663865 0.0294016 0.0694336 0.00215865
4 0.560793 0.663651 0.0291954 0.0690236 0.00206692
0 0.69984 0.739159 0.126408 0.11573 0.00206466
1 0.737995 0.776531 0.0856018 0.130673 0.00201006
5 0.561155 0.663865 0.0294016 0.0694336 0.0019175
0 0.564769 0.660283 0.0477162 0.0840993 0.00191348
0 0.746219 0.795397 0.187576 0.236091 0.00179106
4 0.737995 0.776531 0.0856018 0.130673 0.00175948
0 0.723455 0.748847 0.0865376 0.119097 0.00164841
3 0.737995 0.776531 0.0856018 0.130673 0.00157977
4 0.653698 0.327021 0.0106181 0.126658 0.00146617
0 0.670699 0.155041 0.0066843 0.0370432 0.00146002
5 0.737995 0.776531 0.0856018 0.130673 0.00139531
0 0.661132 0.340729 0.00886402 0.135495 0.0012551
0 0.602335 0.327834 0.0206971 0.169992 0.00122479
0 0.725241 0.77477 0.055913 0.109132 0.00119764
0 0.671521 0.155497 0.0115398 0.0585169 0.00116458
0 0.654552 0.151924 0.0102449 0.0500665 0.00114433
0 0.667699 0.153053 0.00954819 0.0425614 0.00107877
1 0.65699 0.329319 0.0104824 0.132522 0.00104811
5 0.654532 0.327208 0.0131877 0.137094 0.00101922
1 0.654035 0.328135 0.0171702 0.140458 0.00101128
0 0.629304 0.330008 0.0615687 0.175948 0.00100969
