0 0.163819 0.70428 0.0641491 0.169738 0.918326
0 0.75498 0.762932 0.0969194 0.264505 0.916967
0 0.623484 0.323348 0.0398093 0.158551 0.908443
0 0.525838 0.662504 0.0325326 0.0766772 0.867895
0 0.624664 0.666358 0.030103 0.0722119 0.833851
0 0.649553 0.322169 0.0108001 0.125235 0.775604
0 0.893258 0.641683 0.0149824 0.0364382 0.132951
0 0.902025 0.641078 0.0164165 0.0278558 0.0299886
0 0.648254 0.302056 0.00912151 0.0936377 0.0217568
0 0.910548 0.638826 0.0129408 0.0257702 0.015641
0 0.754203 0.770692 0.154906 0.290389 0.0140335
0 0.649411 0.325347 0.0218988 0.157097 0.00790309
1 0.649077 0.321485 0.0112318 0.128313 0.00777944
0 0.181148 0.710794 0.17073 0.233348 0.00639279
0 0.525559 0.665477 0.0468699 0.0941805 0.00548224
0 0.623034 0.678056 0.0478786 0.0986554 0.00541713
1 0.623484 0.323348 0.0398093 0.158551 0.00455471
1 0.163205 0.703467 0.0677274 0.168696 0.00451756
5 0.755018 0.764048 0.0960113 0.262878 0.00428774
1 0.754336 0.764928 0.0976438 0.263238 0.00424863
4 0.754336 0.764928 0.0976438 0.263238 0.00423346
2 0.163205 0.703467 0.0677274 0.168696 0.00415576
4 0.163135 0.703382 0.0674117 0.16823 0.00415433
3 0.649408 0.320562 0.00979414 0.124419 0.00415027
2 0.754336 0.764928 0.0976438 0.263238 0.0040047
3 0.163135 0.703382 0.0674117 0.16823 0.00388561
5 0.62458 0.325906 0.0402007 0.160575 0.00388049
5 0.163205 0.703467 0.0677274 0.168696 0.00383541
3 0.754336 0.764928 0.0976438 0.263238 0.00381554
3 0.62458 0.325906 0.0402007 0.160575 0.00357094
2 0.623484 0.323348 0.0398093 0.158551 0.00347335
2 0.525972 0.661543 0.0320333 0.0748238 0.00308685
0 0.648594 0.284555 0.0073843 0.0609826 0.00296337
4 0.62458 0.325906 0.0402007 0.160575 0.00285027
1 0.526211 0.662103 0.0323556 0.073917 0.00272041
2 0.624548 0.666467 0.0317406 0.0704851 0.00265755
0 0.914242 0.635895 0.00999412 0.0266038 0.00260405
0 0.648896 0.304454 0.0143833 0.125476 0.00256822
4 0.526211 0.662103 0.0323556 0.073917 0.00250144
0 0.66325 0.327144 0.0095396 0.127357 0.00243641
1 0.624957 0.66706 0.0322785 0.0700837 0.00240312
0 0.911072 0.637937 0.0178455 0.0353932 0.00239585
3 0.526211 0.662103 0.0323556 0.073917 0.00221168
4 0.624957 0.66706 0.0322785 0.0700837 0.00199161
5 0.525972 0.661543 0.0320333 0.0748238 0.00195228
3 0.624957 0.66706 0.0322785 0.0700837 0.00170954
5 0.624957 0.66706 0.0322785 0.0700837 0.00160685
0 0.600295 0.324317 0.0160168 0.164585 0.0014953
4 0.649408 0.320562 0.00979414 0.124419 0.00138419
0 0.914789 0.635481 0.0133131 0.0349148 0.00136356
5 0.649672 0.326127 0.0148097 0.137064 0.00128455
0 0.663684 0.326462 0.00565777 0.120551 0.00109611
