0 0.734003 0.747825 0.0849848 0.23254 0.909574
0 0.237975 0.701951 0.0583068 0.154403 0.90048
0 0.626699 0.325773 0.0395525 0.160111 0.886828
0 0.0247143 0.690109 0.0494286 0.143056 0.8768
0 0.546183 0.663354 0.0312782 0.0743523 0.846461
0 0.652098 0.324515 0.0113052 0.126917 0.824045
0 0.640676 0.671705 0.0236278 0.0598162 0.671475
0 0.897048 0.645587 0.0116575 0.0297309 0.052002
0 0.901617 0.644828 0.0193466 0.0288066 0.0364067
0 0.909501 0.643759 0.0146593 0.0265335 0.0222358
0 0.657497 0.328762 0.0104158 0.13276 0.0167355
0 0.743388 0.756862 0.154674 0.262363 0.0143911
0 0.643863 0.68376 0.029081 0.0781428 0.0114786
0 0.651333 0.303597 0.00947742 0.098648 0.0114384
1 0.652075 0.323809 0.00996227 0.123008 0.00918403
0 0.909433 0.641 0.0096611 0.0296001 0.00694443
1 0.627427 0.32672 0.0402541 0.163962 0.00490056
4 0.733959 0.746887 0.0865744 0.231684 0.00464227
0 0.249409 0.711396 0.187063 0.249296 0.00458775
0 0.91009 0.641944 0.0196129 0.034266 0.00454444
2 0.0251959 0.689705 0.0503917 0.14525 0.00448944
1 0.0253317 0.690062 0.0506635 0.147804 0.00444443
1 0.733959 0.746887 0.0865744 0.231684 0.00442545
5 0.627427 0.32672 0.0402541 0.163962 0.00418149
0 0.615473 0.324615 0.0258676 0.167422 0.00410513
5 0.733692 0.748189 0.0859079 0.23079 0.00402446
3 0.652075 0.323809 0.00996227 0.123008 0.00401093
2 0.733959 0.746887 0.0865744 0.231684 0.00398183
3 0.0251959 0.689705 0.0503917 0.14525 0.0038883
3 0.627427 0.32672 0.0402541 0.163962 0.00388467
0 0.651863 0.327079 0.0237716 0.16554 0.00379704
3 0.733959 0.746887 0.0865744 0.231684 0.00362442
1 0.238103 0.70162 0.0578361 0.155924 0.00358864
4 0.0247143 0.690109 0.0494286 0.143056 0.00352545
2 0.238092 0.700903 0.0589067 0.155815 0.00347796
2 0.626699 0.325773 0.0395525 0.160111 0.00331339
4 0.238103 0.70162 0.0578361 0.155924 0.00316398
5 0.238373 0.700824 0.0593688 0.158342 0.00302895
5 0.0247143 0.690109 0.0494286 0.143056 0.00300751
0 0.0742484 0.709056 0.148497 0.261857 0.00298893
2 0.546593 0.662935 0.0317867 0.0733763 0.00295213
4 0.627427 0.32672 0.0402541 0.163962 0.00294811
1 0.54669 0.663112 0.0315193 0.0730222 0.00279658
3 0.23825 0.703264 0.0583867 0.158208 0.00260275
4 0.545974 0.663194 0.0309691 0.0721383 0.00258209
0 0.635408 0.670327 0.0353354 0.068467 0.00247405
0 0.656923 0.143591 0.0118123 0.0612099 0.00246305
5 0.545864 0.662919 0.0309983 0.075945 0.00233122
0 0.657745 0.32733 0.0157689 0.150722 0.00217845
3 0.54669 0.663112 0.0315193 0.0730222 0.00211566
0 0.643879 0.689825 0.0412281 0.112778 0.0020661
2 0.641033 0.672445 0.0254687 0.0598709 0.00181703
0 0.544117 0.665522 0.0475595 0.0877812 0.00176369
0 0.619523 0.685609 0.0351686 0.0838386 0.00171243
1 0.641033 0.672445 0.0254687 0.0598709 0.00154625
4 0.652075 0.323809 0.00996227 0.123008 0.00149628
0 0.66896 0.146433 0.00814657 0.0484715 0.0014618
0 0.227036 0.664078 0.0411109 0.102615 0.00141454
0 0.235266 0.678943 0.0411878 0.0994032 0.00139512
4 0.640723 0.67124 0.0246216 0.0556846 0.00135909
0 0.666083 0.143512 0.0121027 0.0519746 0.00134099
1 0.654334 0.324829 0.0104531 0.135662 0.00130857
5 0.640467 0.671825 0.0243258 0.0617558 0.00121582
3 0.640305 0.67199 0.02502 0.0612272 0.00119963
0 0.897917 0.641743 0.0170309 0.0457336 0.00119929
0 0.0655425 0.672997 0.131085 0.301166 0.00117377
0 0.230866 0.658331 0.0298089 0.0799877 0.00113788
0 0.602468 0.326763 0.0195931 0.171605 0.00110499
0 0.654789 0.286031 0.0104359 0.0717107 0.00109932
5 0.652949 0.325975 0.0132558 0.137957 0.00102473
