0 0.139118 0.70619 0.0660601 0.171727 0.920615
0 0.761528 0.769859 0.107528 0.283852 0.918557
0 0.622289 0.321818 0.0398281 0.15767 0.913778
0 0.519128 0.661015 0.0330503 0.078086 0.831682
0 0.618832 0.667149 0.0310486 0.0696291 0.78363
0 0.648791 0.319928 0.0100622 0.125258 0.781416
0 0.891758 0.64308 0.0124435 0.0351142 0.142152
0 0.647523 0.301291 0.00864668 0.100979 0.0290048
0 0.901646 0.640662 0.0145609 0.0286779 0.0126229
1 0.648277 0.319216 0.01016 0.127301 0.0084943
0 0.148511 0.711315 0.166471 0.239251 0.00689929
0 0.619877 0.679273 0.0400897 0.0866265 0.00569954
0 0.906638 0.638508 0.00953007 0.0276643 0.00541507
1 0.138262 0.706051 0.0701873 0.17246 0.00514012
0 0.649125 0.318132 0.0214994 0.161301 0.0046809
1 0.622289 0.321818 0.0398281 0.15767 0.00450008
0 0.648213 0.305895 0.0138064 0.128561 0.00434388
4 0.138683 0.705785 0.069826 0.171892 0.00433407
2 0.138683 0.705785 0.069826 0.171892 0.0043256
5 0.762042 0.769491 0.106965 0.276689 0.00427084
0 0.909537 0.639182 0.011982 0.0290724 0.00425773
5 0.13894 0.706957 0.0695755 0.173183 0.00418368
1 0.761108 0.770906 0.107173 0.2776 0.00397383
4 0.762042 0.769491 0.106965 0.276689 0.00389535
2 0.761108 0.770906 0.107173 0.2776 0.00385508
3 0.138683 0.705785 0.069826 0.171892 0.00376493
0 0.89203 0.641369 0.0177639 0.0467182 0.00367831
3 0.762042 0.769491 0.106965 0.276689 0.00363742
5 0.62371 0.32467 0.0408108 0.158317 0.00360545
3 0.621899 0.322163 0.0400753 0.159416 0.00358511
2 0.622289 0.321818 0.0398281 0.15767 0.00335121
3 0.648277 0.319216 0.01016 0.127301 0.00333597
2 0.519394 0.661846 0.0337588 0.0754502 0.00304506
1 0.519852 0.661899 0.033332 0.0755326 0.00291654
0 0.666879 0.143124 0.00675402 0.0444904 0.00288035
0 0.648763 0.284832 0.00645828 0.0623872 0.00287424
0 0.650979 0.335313 0.0104148 0.150271 0.00286679
4 0.62371 0.32467 0.0408108 0.158317 0.00274336
0 0.661524 0.31534 0.0124711 0.127972 0.00271594
2 0.619275 0.667209 0.0321322 0.0659212 0.00269368
4 0.519852 0.661899 0.033332 0.0755326 0.00256086
5 0.518991 0.661487 0.0333606 0.07807 0.00245806
3 0.519852 0.661899 0.033332 0.0755326 0.0023317
4 0.61868 0.667695 0.0323872 0.0655894 0.00233131
1 0.619834 0.666749 0.0328269 0.0672675 0.00226712
3 0.619834 0.666749 0.0328269 0.0672675 0.00168919
5 0.618678 0.667759 0.0313332 0.0693669 0.00167658
4 0.648277 0.319216 0.01016 0.127301 0.00118596
0 0.601111 0.311121 0.0180328 0.180063 0.00117361
0 0.504407 0.656835 0.0304887 0.0698413 0.00112313
0 0.662196 0.314837 0.00738916 0.115932 0.00111624
0 0.604923 0.665104 0.0351319 0.071951 0.00110451
