0 0.620309 0.321979 0.0429149 0.159385 0.917734
0 0.100851 0.70496 0.0722777 0.18389 0.913193
0 0.780734 0.775068 0.106729 0.29897 0.91171
0 0.609291 0.66964 0.029382 0.0661731 0.844794
0 0.508956 0.660377 0.0322425 0.0806299 0.842482
0 0.647081 0.318735 0.0109584 0.124846 0.780823
0 0.892494 0.640781 0.0144186 0.0306538 0.0510057
0 0.899866 0.639865 0.0144094 0.0250248 0.0184043
1 0.646909 0.31842 0.0109315 0.127371 0.0118233
0 0.663915 0.318317 0.0131055 0.121391 0.0102991
0 0.102596 0.710111 0.161857 0.242517 0.00864733
0 0.646467 0.299569 0.00878868 0.10636 0.00809921
0 0.905824 0.638013 0.00935383 0.0245345 0.00694998
0 0.647373 0.2858 0.00862837 0.0762425 0.0067218
0 0.648004 0.316018 0.0211749 0.157059 0.0060437
1 0.100838 0.704756 0.0737295 0.183974 0.00478458
0 0.6467 0.296561 0.00643692 0.0806491 0.00474304
1 0.620253 0.32076 0.0418747 0.158327 0.00438961
2 0.100838 0.704756 0.0737295 0.183974 0.00431953
5 0.780996 0.77331 0.109595 0.29914 0.00429679
1 0.780609 0.774763 0.110828 0.298313 0.00418645
5 0.100838 0.704756 0.0737295 0.183974 0.00418293
4 0.100838 0.704756 0.0737295 0.183974 0.00417149
4 0.780609 0.774763 0.110828 0.298313 0.00404585
3 0.100838 0.704756 0.0737295 0.183974 0.00398798
2 0.780609 0.774763 0.110828 0.298313 0.00370021
3 0.646909 0.31842 0.0109315 0.127371 0.00366919
3 0.620207 0.321296 0.0417191 0.159762 0.00364376
3 0.780439 0.773538 0.109106 0.298029 0.0035803
2 0.620253 0.32076 0.0418747 0.158327 0.00326008
0 0.900477 0.638638 0.0192001 0.0328215 0.00317753
2 0.609475 0.668447 0.0302611 0.0643846 0.00300892
2 0.509284 0.659599 0.0319461 0.0781233 0.00298402
5 0.620207 0.321296 0.0417191 0.159762 0.00290662
1 0.509284 0.659599 0.0319461 0.0781233 0.00270275
4 0.620207 0.321296 0.0417191 0.159762 0.00262666
3 0.509284 0.659599 0.0319461 0.0781233 0.00254613
0 0.908708 0.63934 0.0117411 0.0282327 0.00235592
5 0.509284 0.659599 0.0319461 0.0781233 0.00235317
0 0.893315 0.647437 0.0126858 0.03434 0.00234449
1 0.609475 0.668447 0.0302611 0.0643846 0.00232035
4 0.509284 0.659599 0.0319461 0.0781233 0.00224608
4 0.609121 0.66907 0.0301515 0.0642306 0.00209692
0 0.652264 0.335374 0.0108315 0.147268 0.00208049
3 0.609475 0.668447 0.0302611 0.0643846 0.00189478
5 0.609475 0.668447 0.0302611 0.0643846 0.00186332
0 0.664629 0.324222 0.00784321 0.117815 0.0018189
0 0.671106 0.326452 0.0122322 0.0768533 0.00140574
0 0.61338 0.666141 0.0487609 0.0857022 0.00131833
0 0.606942 0.679433 0.0414119 0.103833 0.00127337
4 0.646541 0.318633 0.0106554 0.130134 0.00121585
0 0.646949 0.285806 0.0142962 0.0951073 0.00120029
0 0.908772 0.639163 0.0150263 0.0369652 0.00117272
0 0.666611 0.337923 0.0110919 0.12686 0.0010096
