0 0.627771 0.32743 0.0393326 0.157307 0.886071
0 0.0695053 0.690602 0.0573349 0.134277 0.885283
0 0.281914 0.701645 0.0556043 0.141679 0.880029
0 0.65392 0.326402 0.0107895 0.125097 0.839368
0 0.55796 0.662424 0.0288722 0.0741928 0.828819
0 0.737613 0.779051 0.0835634 0.128991 0.657097
0 0.901137 0.647163 0.0137863 0.0320218 0.334932
0 0.904677 0.646842 0.013818 0.0294203 0.187422
0 0.654365 0.327788 0.0162087 0.139896 0.0886584
0 0.910193 0.645592 0.0148809 0.0276831 0.0719105
0 0.897607 0.647987 0.0121851 0.0320557 0.0641698
0 0.657091 0.328477 0.00971527 0.125011 0.0425225
0 0.723728 0.766749 0.0791824 0.126607 0.0210742
0 0.901293 0.645323 0.0178034 0.0446211 0.0102222
1 0.653597 0.326871 0.0107321 0.125725 0.00878212
0 0.915636 0.647556 0.0120453 0.0291772 0.0057501
0 0.91613 0.64047 0.0108513 0.0275278 0.00545994
1 0.628401 0.328114 0.0402257 0.161545 0.004982
0 0.614606 0.324988 0.0235214 0.167425 0.00461669
5 0.628401 0.328114 0.0402257 0.161545 0.00417781
0 0.653 0.328412 0.0245363 0.163966 0.00404615
1 0.282042 0.701428 0.0553376 0.144128 0.00400808
3 0.628401 0.328114 0.0402257 0.161545 0.00389005
3 0.653597 0.326871 0.0107321 0.125725 0.00385185
0 0.0938673 0.707665 0.187735 0.242337 0.00378618
0 0.296661 0.71352 0.200185 0.251896 0.00359007
1 0.0695137 0.690512 0.0568664 0.136793 0.00348792
0 0.652118 0.304242 0.00930262 0.0935344 0.00348469
2 0.28187 0.701599 0.055621 0.141027 0.00339973
2 0.737343 0.778716 0.0862748 0.135962 0.00336118
0 0.0840071 0.671627 0.168014 0.269237 0.00332963
2 0.0697345 0.690183 0.0569213 0.135352 0.00331485
0 0.0137224 0.645959 0.0274449 0.143275 0.00327064
2 0.627771 0.32743 0.0393326 0.157307 0.00325581
4 0.282042 0.701428 0.0553376 0.144128 0.00321755
0 0.743554 0.747136 0.0853654 0.173415 0.00317524
4 0.0697345 0.690183 0.0569213 0.135352 0.00313731
2 0.558095 0.662188 0.0301746 0.0713326 0.00307578
4 0.628401 0.328114 0.0402257 0.161545 0.00303125
5 0.281936 0.701614 0.0563852 0.145217 0.00301335
0 0.704919 0.773106 0.0940187 0.119744 0.00299489
0 0.897047 0.644094 0.0192986 0.046792 0.00297725
5 0.0695137 0.690512 0.0568664 0.136793 0.00273194
3 0.282042 0.701428 0.0553376 0.144128 0.00269977
0 0.564944 0.658746 0.0315269 0.0674565 0.0026876
1 0.558095 0.662188 0.0301746 0.0713326 0.00256888
0 0.747189 0.795398 0.181126 0.235593 0.00255635
0 0.652953 0.296206 0.00574837 0.084452 0.00250486
3 0.0695137 0.690512 0.0568664 0.136793 0.00246971
0 0.720997 0.768731 0.0542935 0.109883 0.00244029
3 0.558095 0.662188 0.0301746 0.0713326 0.00237798
1 0.737343 0.778716 0.0862748 0.135962 0.00236317
0 0.92052 0.643619 0.0116198 0.0285883 0.0023629
5 0.557779 0.662806 0.0292698 0.0742239 0.00232411
4 0.737343 0.778716 0.0862748 0.135962 0.00227606
0 0.700579 0.752584 0.113409 0.11483 0.00218223
4 0.558095 0.662188 0.0301746 0.0713326 0.00211749
3 0.737343 0.778716 0.0862748 0.135962 0.00189323
0 0.67066 0.154486 0.00675125 0.0383383 0.00185542
5 0.737343 0.778716 0.0862748 0.135962 0.00180529
0 0.560464 0.659387 0.0473449 0.0841051 0.00174076
0 0.671447 0.154893 0.0113158 0.0586649 0.00153048
4 0.653597 0.326871 0.0107321 0.125725 0.00145564
0 0.655393 0.148984 0.0103928 0.0564821 0.00145047
0 0.272473 0.677932 0.0547875 0.116605 0.00144593
0 0.661292 0.340733 0.00879078 0.134839 0.00140371
0 0.668635 0.151727 0.00870857 0.0463783 0.00132999
0 0.602297 0.327014 0.0209241 0.170333 0.00124372
5 0.654384 0.327024 0.0132779 0.136413 0.00102832
