0 0.0931128 0.706736 0.0681919 0.181655 0.927179
0 0.619813 0.32273 0.0440516 0.161115 0.918132
0 0.781183 0.77537 0.10695 0.302323 0.917572
0 0.507547 0.660114 0.0323382 0.0779779 0.838338
0 0.608052 0.669342 0.0297613 0.0659012 0.804518
0 0.646939 0.318995 0.0110399 0.12059 0.783414
0 0.892079 0.640084 0.0138964 0.0300867 0.0513539
0 0.889263 0.641921 0.0107618 0.0323 0.037488
0 0.894825 0.639387 0.0096693 0.0270105 0.0208633
1 0.646758 0.31869 0.0111511 0.124053 0.0133263
0 0.664687 0.319649 0.012153 0.113786 0.00854245
0 0.0998352 0.710654 0.163008 0.241955 0.00835792
0 0.89691 0.639916 0.0147581 0.0301048 0.00788942
0 0.64771 0.316637 0.0211606 0.156051 0.00582589
1 0.092695 0.706445 0.0716428 0.180567 0.00512136
4 0.0931779 0.706005 0.0715611 0.182385 0.00452149
5 0.781475 0.773201 0.110011 0.303651 0.00447833
1 0.619752 0.321477 0.0429638 0.15995 0.00444519
2 0.0931779 0.706005 0.0715611 0.182385 0.00442756
5 0.0928107 0.707262 0.0723202 0.186444 0.00419389
1 0.780928 0.774859 0.111243 0.301661 0.00415834
4 0.780928 0.774859 0.111243 0.301661 0.00408563
2 0.780928 0.774859 0.111243 0.301661 0.0037923
3 0.0931779 0.706005 0.0715611 0.182385 0.00377375
3 0.780805 0.773821 0.109337 0.301997 0.00365586
3 0.619754 0.321825 0.0426885 0.161657 0.00364539
3 0.646758 0.31869 0.0111511 0.124053 0.00328584
2 0.619752 0.321477 0.0429638 0.15995 0.00321171
2 0.507896 0.659504 0.0322974 0.076385 0.00315446
5 0.621148 0.325055 0.0451816 0.159104 0.00301922
0 0.646537 0.301094 0.00895853 0.102121 0.00296482
0 0.887296 0.638928 0.0103691 0.0339761 0.00287118
2 0.608094 0.668556 0.0311545 0.064647 0.00283501
1 0.507896 0.659504 0.0322974 0.076385 0.00265645
4 0.619754 0.321825 0.0426885 0.161657 0.00265457
3 0.507896 0.659504 0.0322974 0.076385 0.00260862
0 0.651379 0.335354 0.0100067 0.133682 0.00250116
5 0.507547 0.660114 0.0323382 0.0779779 0.00239074
4 0.507896 0.659504 0.0322974 0.076385 0.00229261
0 0.664827 0.324503 0.00761299 0.115187 0.00227746
1 0.608094 0.668556 0.0311545 0.064647 0.00219649
4 0.607723 0.669422 0.0310333 0.0643423 0.00214857
0 0.646831 0.298372 0.00654831 0.0806109 0.0020651
0 0.602045 0.679785 0.0479787 0.0959023 0.0019292
0 0.614913 0.665119 0.0328546 0.0681043 0.00187497
5 0.608094 0.668556 0.0311545 0.064647 0.00184522
3 0.608094 0.668556 0.0311545 0.064647 0.00182444
0 0.671185 0.326834 0.0121211 0.0746363 0.00172176
0 0.611252 0.666539 0.0490365 0.0872698 0.00146423
0 0.902184 0.636683 0.00985527 0.0249803 0.00128046
4 0.646291 0.318835 0.0109707 0.129108 0.00117729
