0 0.272352 0.701252 0.0563047 0.147332 0.90415
0 0.627373 0.327199 0.0396214 0.157961 0.887561
0 0.05909 0.691226 0.0562156 0.131675 0.877555
0 0.734427 0.754854 0.074218 0.179083 0.876303
0 0.555452 0.661195 0.0300319 0.0763824 0.834894
0 0.653796 0.326509 0.0104403 0.124278 0.824968
0 0.900261 0.64641 0.0141956 0.032498 0.36493
0 0.905034 0.646508 0.0133017 0.0291186 0.134101
0 0.657109 0.330656 0.0101535 0.131309 0.0729895
0 0.897212 0.647403 0.0120203 0.0320886 0.0710807
0 0.909332 0.645214 0.0148071 0.0287325 0.0588749
0 0.65341 0.321709 0.0151835 0.147833 0.0400278
0 0.900509 0.643941 0.0174715 0.0441853 0.0111777
1 0.653438 0.326936 0.0103839 0.124981 0.00881851
0 0.745148 0.770804 0.160683 0.23661 0.00719445
0 0.615213 0.325015 0.0248779 0.167423 0.00581766
1 0.628025 0.327974 0.0404388 0.162364 0.00497972
1 0.735119 0.753968 0.0794415 0.171515 0.00486331
4 0.735119 0.753968 0.0794415 0.171515 0.00441203
5 0.628025 0.327974 0.0404388 0.162364 0.00420448
0 0.290708 0.713358 0.2007 0.249153 0.00398659
1 0.272729 0.700238 0.0557125 0.150355 0.00397258
3 0.628025 0.327974 0.0404388 0.162364 0.00388716
2 0.059326 0.691034 0.0558951 0.133882 0.00384942
1 0.059326 0.691034 0.0558951 0.133882 0.00379785
0 0.652138 0.304419 0.00916901 0.0945143 0.00378771
5 0.73439 0.754184 0.077848 0.171911 0.00375988
3 0.653438 0.326936 0.0103839 0.124981 0.00371929
2 0.272149 0.699612 0.0559662 0.146762 0.00365979
3 0.73439 0.754184 0.077848 0.171911 0.00361708
0 0.71443 0.75097 0.0910547 0.172531 0.00359156
2 0.735119 0.753968 0.0794415 0.171515 0.00357688
0 0.6529 0.328588 0.0243278 0.165113 0.00345872
3 0.272265 0.702535 0.0571875 0.153364 0.00342336
4 0.059326 0.691034 0.0558951 0.133882 0.00340784
0 0.916383 0.640203 0.0105873 0.0272925 0.00331713
2 0.627373 0.327199 0.0396214 0.157961 0.00330789
2 0.555501 0.661273 0.0312516 0.0737562 0.00305297
4 0.272149 0.699612 0.0559662 0.146762 0.00304148
0 0.0902452 0.707421 0.18049 0.247224 0.00303968
4 0.628025 0.327974 0.0404388 0.162364 0.00301726
0 0.729057 0.755754 0.0568383 0.137773 0.0029745
5 0.059326 0.691034 0.0558951 0.133882 0.00295287
0 0.915383 0.647672 0.0121305 0.0304645 0.00282146
3 0.059326 0.691034 0.0558951 0.133882 0.00278952
5 0.272149 0.699612 0.0559662 0.146762 0.00276185
1 0.555501 0.661273 0.0312516 0.0737562 0.00256777
0 0.558162 0.659908 0.0476211 0.0853433 0.00250773
0 0.652823 0.297593 0.00575132 0.0883761 0.00239047
3 0.555501 0.661273 0.0312516 0.0737562 0.00237061
5 0.555333 0.661643 0.0304982 0.0762848 0.00233802
4 0.555298 0.661297 0.0315454 0.0727513 0.0022998
0 0.661686 0.340532 0.00848064 0.133059 0.00222217
0 0.655934 0.147452 0.010876 0.0585681 0.00213367
0 0.920754 0.64262 0.0115208 0.0292553 0.00171243
0 0.670688 0.153888 0.00684729 0.0394275 0.0016058
0 0.0407636 0.666766 0.051258 0.106441 0.00146306
4 0.653438 0.326936 0.0103839 0.124981 0.00142234
0 0.668388 0.150725 0.00860853 0.0474669 0.0013735
0 0.671516 0.15448 0.0114443 0.0604272 0.00133424
0 0.602529 0.326653 0.0212771 0.171129 0.00125644
0 0.657229 0.143919 0.0157804 0.072299 0.00113067
0 0.750212 0.764869 0.0565389 0.160612 0.00105904
