0 0.628272 0.328317 0.0392436 0.157403 0.885743
0 0.299554 0.699117 0.0565053 0.146232 0.881843
0 0.0909644 0.688728 0.0534522 0.132413 0.881413
0 0.563207 0.662853 0.0308733 0.0740098 0.835652
0 0.654005 0.327057 0.0105288 0.125411 0.835172
0 0.900477 0.646333 0.0145372 0.0337267 0.517739
0 0.748202 0.773903 0.0624351 0.124118 0.428669
0 0.653785 0.328528 0.0175927 0.140516 0.116498
0 0.656952 0.329465 0.0105452 0.131201 0.0924459
0 0.91371 0.644442 0.0136677 0.0276187 0.0693095
0 0.737352 0.774266 0.0928477 0.140353 0.0257581
0 0.897634 0.642967 0.0138437 0.0365685 0.0256307
0 0.916918 0.640684 0.0101713 0.0257806 0.0209151
0 0.720456 0.759597 0.114036 0.124619 0.0206761
0 0.91624 0.647367 0.0112633 0.0287999 0.0101512
1 0.653627 0.327411 0.0104459 0.126247 0.00922988
0 0.920441 0.643649 0.0112148 0.0263618 0.00888896
0 0.758643 0.75948 0.0563903 0.120838 0.00549195
0 0.614192 0.325508 0.021871 0.1674 0.00510567
1 0.6289 0.32892 0.0401934 0.161598 0.00500917
5 0.6289 0.32892 0.0401934 0.161598 0.00417425
1 0.299828 0.698254 0.0556604 0.149158 0.00409908
3 0.6289 0.32892 0.0401934 0.161598 0.00389566
2 0.299937 0.697266 0.0551038 0.143313 0.00386188
3 0.653627 0.327411 0.0104459 0.126247 0.00383596
1 0.0904664 0.689051 0.0541065 0.134088 0.00369481
0 0.30437 0.711427 0.207576 0.262494 0.00359438
0 0.741186 0.736384 0.0729775 0.126873 0.00357764
2 0.563697 0.661181 0.0328113 0.0710161 0.00357174
2 0.0903727 0.686851 0.0560667 0.13602 0.00356625
0 0.653177 0.303166 0.00677338 0.0840069 0.00346154
4 0.0904664 0.689051 0.0541065 0.134088 0.00324112
2 0.6289 0.32892 0.0401934 0.161598 0.00324015
4 0.299937 0.697266 0.0551038 0.143313 0.00307224
4 0.6289 0.32892 0.0401934 0.161598 0.00304885
5 0.299575 0.698133 0.0549356 0.14538 0.00304455
0 0.566454 0.65868 0.0475332 0.0827942 0.0028077
5 0.0904664 0.689051 0.0541065 0.134088 0.00278188
0 0.102973 0.706776 0.205946 0.258247 0.0027332
1 0.563681 0.662113 0.0307455 0.0712773 0.00269485
3 0.299828 0.698254 0.0556604 0.149158 0.00261535
3 0.0904664 0.689051 0.0541065 0.134088 0.00259954
0 0.917876 0.640258 0.014794 0.0335249 0.00250356
3 0.563681 0.662113 0.0307455 0.0712773 0.00225492
4 0.563093 0.66215 0.0300998 0.0706973 0.00223052
5 0.563681 0.662113 0.0307455 0.0712773 0.00202215
2 0.748283 0.774752 0.0672542 0.128357 0.00198839
0 0.712819 0.736932 0.105958 0.101728 0.00182186
1 0.750786 0.774008 0.0631086 0.123428 0.00172137
3 0.750786 0.774008 0.0631086 0.123428 0.00166139
0 0.90068 0.64571 0.0261557 0.0417825 0.00150262
0 0.920842 0.642813 0.0163221 0.0346414 0.00148546
4 0.653627 0.327411 0.0104459 0.126247 0.00147986
4 0.750786 0.774008 0.0631086 0.123428 0.0014165
0 0.670691 0.155898 0.00668201 0.0364309 0.00134146
0 0.629299 0.648639 0.0180059 0.0431603 0.00125856
5 0.750786 0.774008 0.0631086 0.123428 0.00120468
1 0.900588 0.645772 0.0143856 0.0343464 0.00118882
0 0.654227 0.152999 0.0102773 0.0492297 0.00116223
0 0.602429 0.327805 0.0204126 0.170729 0.00114064
1 0.653785 0.328528 0.0175927 0.140516 0.00112517
1 0.656952 0.329465 0.0105452 0.131201 0.00112151
0 0.660696 0.340847 0.00884056 0.135996 0.00110948
0 0.671549 0.1562 0.0117407 0.0598379 0.00105718
