0 0.732603 0.751059 0.086482 0.232535 0.912387
0 0.231995 0.703085 0.0608669 0.155577 0.890889
0 0.626421 0.3254 0.0398126 0.161321 0.884063
0 0.0213693 0.690369 0.0427386 0.143708 0.878068
0 0.651726 0.323987 0.0116392 0.13007 0.831517
0 0.544577 0.662449 0.03073 0.0756464 0.823487
0 0.639309 0.67135 0.0248284 0.0611289 0.685945
0 0.897056 0.64529 0.0116011 0.0298952 0.063737
0 0.90181 0.644559 0.0194248 0.0291142 0.0438868
0 0.909241 0.643779 0.0140789 0.0268736 0.0301716
0 0.74235 0.760258 0.154353 0.260701 0.0143882
0 0.657575 0.328388 0.0106549 0.135849 0.01219
0 0.909463 0.641155 0.00953731 0.0290874 0.0103296
0 0.650865 0.301489 0.00940142 0.116527 0.00938966
1 0.65171 0.323213 0.0102476 0.124156 0.00901479
0 0.645173 0.687217 0.0339518 0.0846295 0.00670774
0 0.909831 0.642108 0.0185524 0.034476 0.00581777
0 0.245302 0.711168 0.177334 0.238873 0.00536831
0 0.651606 0.326355 0.023323 0.165849 0.00490317
1 0.627173 0.326438 0.0404507 0.164943 0.00488717
4 0.732898 0.750037 0.088294 0.230772 0.00477598
1 0.732898 0.750037 0.088294 0.230772 0.00448599
3 0.65171 0.323213 0.0102476 0.124156 0.00427666
1 0.0213693 0.690369 0.0427386 0.143708 0.00425824
1 0.231738 0.703418 0.0663316 0.158293 0.00424206
5 0.627173 0.326438 0.0404507 0.164943 0.00414491
2 0.732898 0.750037 0.088294 0.230772 0.00401954
5 0.732254 0.751089 0.0879197 0.230771 0.00399196
3 0.626835 0.326426 0.0406144 0.164321 0.00389077
4 0.0213693 0.690369 0.0427386 0.143708 0.00380682
2 0.0213693 0.690369 0.0427386 0.143708 0.00377738
3 0.732898 0.750037 0.088294 0.230772 0.00363324
3 0.0213693 0.690369 0.0427386 0.143708 0.00357033
2 0.231383 0.702451 0.0665595 0.157742 0.00356569
4 0.231383 0.702451 0.0665595 0.157742 0.00354369
5 0.231738 0.703418 0.0663316 0.158293 0.0035074
2 0.626421 0.3254 0.0398126 0.161321 0.00332146
0 0.615435 0.324179 0.0267864 0.168776 0.00330903
3 0.231738 0.703418 0.0663316 0.158293 0.0032605
5 0.0213693 0.690369 0.0427386 0.143708 0.00318814
2 0.545024 0.662942 0.0321153 0.0731105 0.00301407
0 0.62393 0.683332 0.0330426 0.0803472 0.00293663
4 0.627173 0.326438 0.0404507 0.164943 0.00292409
1 0.545351 0.663201 0.0316729 0.0726661 0.00285527
0 0.00996518 0.674136 0.0199304 0.104391 0.00264853
4 0.544407 0.66319 0.0312389 0.0721063 0.00252675
5 0.544424 0.662949 0.0312034 0.0754762 0.0024212
0 0.65785 0.140035 0.0129963 0.0627918 0.00226317
3 0.545351 0.663201 0.0316729 0.0726661 0.00218778
0 0.224772 0.670394 0.0537487 0.114065 0.00187844
0 0.542565 0.665087 0.0477603 0.0874858 0.00182693
0 0.64441 0.692173 0.0472161 0.118685 0.00169256
0 0.657825 0.326751 0.0160034 0.153827 0.00167995
2 0.639434 0.671534 0.0282003 0.0609086 0.00163129
0 0.897954 0.641783 0.016555 0.0446543 0.00160557
0 0.654707 0.285558 0.0104045 0.0749056 0.00158719
1 0.63889 0.671724 0.0243212 0.0612246 0.00156196
4 0.65171 0.323213 0.0102476 0.124156 0.00151466
1 0.654027 0.324043 0.0106914 0.136156 0.00151243
4 0.639172 0.67101 0.0246525 0.055559 0.00126626
0 0.635972 0.666523 0.0340298 0.0896411 0.00122445
0 0.076705 0.709753 0.15341 0.275256 0.0011929
3 0.638712 0.671774 0.025127 0.0604224 0.00116428
5 0.63889 0.671724 0.0243212 0.0612246 0.0011442
0 0.665166 0.142057 0.0126953 0.0529529 0.00113721
0 0.00611043 0.656153 0.0122209 0.0630664 0.00113359
5 0.652615 0.325504 0.0136091 0.140353 0.00112952
0 0.602247 0.326281 0.0199848 0.173499 0.00108444
0 0.668696 0.146163 0.00814104 0.0477333 0.00104311
