0 0.243092 0.7019 0.0582667 0.154895 0.908625
0 0.735074 0.746059 0.0834386 0.235359 0.903583
0 0.626757 0.326277 0.0399374 0.160099 0.88906
0 0.0286097 0.689421 0.0551044 0.147413 0.886526
0 0.548128 0.663885 0.0309325 0.0751588 0.84205
0 0.652336 0.324652 0.0114795 0.127253 0.829395
0 0.641794 0.672142 0.0236817 0.0594631 0.653702
0 0.902765 0.644997 0.0182341 0.0289412 0.0282242
0 0.898606 0.646088 0.0117733 0.0290693 0.0270425
0 0.657486 0.32895 0.0106297 0.132154 0.0218874
0 0.909176 0.644398 0.0142693 0.0265724 0.0165722
0 0.744102 0.755124 0.155826 0.265427 0.0139438
0 0.651339 0.303182 0.00951443 0.0948353 0.0101759
1 0.652215 0.324352 0.0100886 0.123962 0.0090345
0 0.642469 0.674269 0.0310657 0.0771338 0.00846637
1 0.627469 0.327225 0.0406631 0.164082 0.00490764
0 0.251688 0.71175 0.189333 0.25141 0.004534
0 0.61556 0.325015 0.0257415 0.167323 0.004455
4 0.734883 0.745203 0.0847366 0.235307 0.00438695
1 0.734883 0.745203 0.0847366 0.235307 0.00435589
5 0.627469 0.327225 0.0406631 0.164082 0.00416888
1 0.0286097 0.689421 0.0551044 0.147413 0.00416085
3 0.652215 0.324352 0.0100886 0.123962 0.00402885
2 0.0282052 0.689417 0.0551296 0.145571 0.00397768
0 0.63387 0.671347 0.0311632 0.0671602 0.00394339
0 0.651994 0.327328 0.0237105 0.165201 0.0039193
5 0.734807 0.746874 0.0837563 0.23393 0.00391019
3 0.627469 0.327225 0.0406631 0.164082 0.00386203
2 0.734883 0.745203 0.0847366 0.235307 0.00379376
0 0.0711441 0.706335 0.142288 0.249028 0.00365869
3 0.734883 0.745203 0.0847366 0.235307 0.00360241
2 0.243372 0.701124 0.058437 0.155713 0.003468
1 0.243127 0.701595 0.0576906 0.156841 0.00343645
0 0.909763 0.642588 0.0194258 0.0344462 0.0033636
2 0.626757 0.326277 0.0399374 0.160099 0.00330199
4 0.0286672 0.689442 0.0551733 0.144197 0.00326745
3 0.0282052 0.689417 0.0551296 0.145571 0.00317171
4 0.243372 0.701124 0.058437 0.155713 0.00315245
5 0.243627 0.701417 0.0590531 0.156871 0.00299425
5 0.029138 0.688972 0.0561919 0.145029 0.00298296
4 0.627469 0.327225 0.0406631 0.164082 0.00296656
0 0.657748 0.327698 0.0157687 0.149426 0.00295984
2 0.548376 0.663403 0.0317184 0.073643 0.00292039
1 0.548376 0.663593 0.0315976 0.0731458 0.00271978
3 0.242806 0.703124 0.0588262 0.158412 0.00267592
4 0.547622 0.663505 0.0308244 0.0721472 0.00256125
0 0.54618 0.665959 0.0473326 0.0877382 0.0025106
0 0.656371 0.143494 0.0120398 0.0626733 0.00221205
0 0.644247 0.687969 0.0395381 0.108612 0.00216961
5 0.547805 0.663266 0.0311319 0.076473 0.00204206
3 0.548376 0.663593 0.0315976 0.0731458 0.00201443
2 0.642444 0.672701 0.0254597 0.0601279 0.00171906
0 0.896555 0.649002 0.0116901 0.0354065 0.00159839
1 0.642444 0.672701 0.0254597 0.0601279 0.00153799
0 0.669572 0.146503 0.00784578 0.0491178 0.00153004
4 0.652215 0.324352 0.0100886 0.123962 0.00148997
0 0.55231 0.651794 0.0349114 0.0880001 0.00140458
0 0.89789 0.641251 0.014485 0.043107 0.00134109
4 0.641876 0.671687 0.025018 0.055729 0.00133595
0 0.666402 0.143933 0.0120309 0.0525992 0.00131313
1 0.654451 0.32523 0.0105043 0.135818 0.00127284
0 0.618472 0.687166 0.0379467 0.0872266 0.00124625
5 0.641822 0.672246 0.0243894 0.0623241 0.00115496
3 0.641652 0.672352 0.0249907 0.0615423 0.00114197
0 0.602593 0.327079 0.0197422 0.170862 0.00105819
5 0.653103 0.326146 0.0132514 0.138141 0.00105295
0 0.653888 0.286091 0.00830364 0.0620636 0.00101299
