0 0.193544 0.708874 0.0620105 0.153513 0.908038
0 0.747223 0.757755 0.0861927 0.253895 0.907358
0 0.624426 0.324917 0.0407205 0.160601 0.897601
0 0.534246 0.662814 0.0313227 0.0734021 0.845804
0 0.650162 0.322966 0.0115074 0.129631 0.785351
0 0.631223 0.667935 0.0286941 0.0706072 0.783184
0 0.894837 0.642676 0.0128353 0.0333058 0.0798736
0 0.903017 0.642553 0.0175806 0.0285955 0.0363067
0 0.909046 0.641717 0.0125929 0.0267449 0.0275013
0 0.749997 0.76691 0.155216 0.280476 0.0143657
0 0.648642 0.305423 0.00892382 0.118978 0.0127679
0 0.649861 0.32638 0.0224881 0.162473 0.00966745
1 0.650028 0.321703 0.0103099 0.126518 0.00762131
0 0.661189 0.327283 0.0105384 0.133515 0.00549759
0 0.201255 0.714926 0.177822 0.239838 0.00533431
3 0.650028 0.321703 0.0103099 0.126518 0.00500409
1 0.625235 0.327049 0.0410138 0.163549 0.00472297
1 0.746814 0.758058 0.0861049 0.249843 0.00455973
4 0.746814 0.758058 0.0861049 0.249843 0.00432274
1 0.193724 0.708741 0.0667156 0.155178 0.00428627
0 0.909626 0.640514 0.0171442 0.0362268 0.00428279
5 0.625235 0.327049 0.0410138 0.163549 0.00402443
3 0.746814 0.758058 0.0861049 0.249843 0.00380805
5 0.747118 0.758077 0.0872749 0.246684 0.00376819
0 0.531453 0.654794 0.0459699 0.0872071 0.00375268
2 0.746814 0.758058 0.0861049 0.249843 0.00363489
3 0.625235 0.327049 0.0410138 0.163549 0.00361458
4 0.193724 0.708741 0.0667156 0.155178 0.0036128
2 0.193724 0.708741 0.0667156 0.155178 0.0035437
2 0.624426 0.324917 0.0407205 0.160601 0.00344979
5 0.192955 0.71047 0.0668064 0.156585 0.00336962
2 0.534302 0.661906 0.0309798 0.0724248 0.00332034
3 0.193724 0.708741 0.0667156 0.155178 0.00301177
4 0.625235 0.327049 0.0410138 0.163549 0.00292614
1 0.534302 0.661906 0.0309798 0.0724248 0.00269233
3 0.534302 0.661906 0.0309798 0.0724248 0.00256981
2 0.631491 0.667456 0.0297273 0.0674782 0.00232424
0 0.614771 0.325471 0.0319809 0.168209 0.00232412
5 0.533937 0.662264 0.0310122 0.0751948 0.00229873
4 0.534302 0.661906 0.0309798 0.0724248 0.00224354
0 0.625357 0.679614 0.0485654 0.100578 0.00218287
1 0.631491 0.667456 0.0297273 0.0674782 0.00209606
4 0.631061 0.668173 0.0293509 0.067588 0.00188579
0 0.602094 0.32542 0.0184031 0.169627 0.00183168
5 0.63106 0.66843 0.0292224 0.0700971 0.00167635
3 0.631491 0.667456 0.0297273 0.0674782 0.00165616
4 0.650028 0.321703 0.0103099 0.126518 0.00146413
0 0.894546 0.640703 0.0184578 0.0476362 0.00134128
5 0.650393 0.326579 0.0149844 0.141812 0.0013086
