0 0.741033 0.755528 0.0878449 0.253476 0.902855
0 0.624655 0.325338 0.0410703 0.161909 0.897376
0 0.199289 0.707514 0.0628134 0.158096 0.892042
0 0.535711 0.662651 0.02996 0.0763273 0.828321
0 0.632742 0.668811 0.0268188 0.0664163 0.78654
0 0.650372 0.323646 0.0114914 0.130704 0.786306
0 0.895016 0.642719 0.0125227 0.0334488 0.0739677
0 0.90131 0.642773 0.0180943 0.0295554 0.0322861
0 0.909092 0.641726 0.0133556 0.0272313 0.0182392
0 0.746667 0.76507 0.155659 0.278726 0.0158336
0 0.648788 0.30561 0.0088644 0.123526 0.00818715
0 0.649997 0.327054 0.0225651 0.165396 0.0081825
1 0.650293 0.322573 0.0101952 0.126957 0.00807523
0 0.660852 0.327766 0.00999279 0.133595 0.00561072
0 0.203088 0.71297 0.180967 0.246944 0.0053945
3 0.650293 0.322573 0.0101952 0.126957 0.00515949
1 0.625408 0.32727 0.0413551 0.16529 0.00476042
1 0.74088 0.755642 0.0891289 0.250648 0.00437064
4 0.74088 0.755642 0.0891289 0.250648 0.00432561
0 0.53303 0.654498 0.0461925 0.0887772 0.00416157
5 0.625408 0.32727 0.0413551 0.16529 0.00404633
1 0.199511 0.705561 0.0667832 0.160278 0.00386389
5 0.740936 0.75657 0.0888058 0.249685 0.00379047
3 0.74088 0.755642 0.0891289 0.250648 0.00373677
3 0.625408 0.32727 0.0413551 0.16529 0.00363055
2 0.74088 0.755642 0.0891289 0.250648 0.00362682
2 0.624655 0.325338 0.0410703 0.161909 0.00339667
2 0.199511 0.705561 0.0667832 0.160278 0.00331008
0 0.639322 0.668079 0.0261967 0.0628039 0.00329929
3 0.198405 0.707457 0.0635389 0.160424 0.00327657
5 0.199511 0.705561 0.0667832 0.160278 0.00317254
0 0.892738 0.645705 0.0125753 0.0376799 0.00316476
4 0.199511 0.705561 0.0667832 0.160278 0.00313207
0 0.909733 0.640256 0.0182707 0.0373363 0.00312162
2 0.53604 0.662176 0.0307001 0.0739687 0.00299671
4 0.625408 0.32727 0.0413551 0.16529 0.00292256
1 0.53604 0.662176 0.0307001 0.0739687 0.00275919
0 0.614963 0.326005 0.0322378 0.169527 0.00260589
3 0.53604 0.662176 0.0307001 0.0739687 0.00242291
2 0.632931 0.668018 0.0285996 0.0638131 0.00235842
5 0.53604 0.662176 0.0307001 0.0739687 0.0021839
4 0.53604 0.662176 0.0307001 0.0739687 0.00217929
1 0.632931 0.668018 0.0285996 0.0638131 0.00204284
4 0.632727 0.669022 0.0283983 0.0642766 0.00169872
5 0.632654 0.669411 0.0269707 0.0659451 0.00164874
3 0.632931 0.668018 0.0285996 0.0638131 0.00157096
0 0.602213 0.326033 0.0189872 0.169804 0.00153179
4 0.650293 0.322573 0.0101952 0.126957 0.0014857
0 0.894832 0.640525 0.0185413 0.0475731 0.00133067
5 0.650652 0.327001 0.0146614 0.142942 0.00124706
0 0.625457 0.682259 0.0489186 0.101344 0.00122291
0 0.203473 0.682229 0.0512136 0.148983 0.00101502
