0 0.316912 0.698831 0.052816 0.135018 0.890202
0 0.62856 0.328982 0.0396763 0.157863 0.887567
0 0.111959 0.687957 0.0530502 0.128576 0.866159
0 0.654288 0.327289 0.0102013 0.125301 0.834219
0 0.56797 0.662023 0.0289772 0.0716137 0.81574
0 0.75125 0.765891 0.0602953 0.118245 0.599319
0 0.900449 0.646075 0.0153385 0.0349036 0.582422
0 0.653259 0.32915 0.0190944 0.140778 0.137248
0 0.656991 0.328847 0.0102258 0.131673 0.116963
0 0.916531 0.64409 0.0123415 0.0286919 0.10949
0 0.897415 0.643008 0.0143124 0.0371624 0.0274636
0 0.920183 0.644443 0.0108364 0.0261233 0.0263041
1 0.653895 0.327651 0.0101165 0.126658 0.00886227
0 0.754504 0.738222 0.0595988 0.148287 0.00741069
0 0.652788 0.303696 0.00896368 0.0879923 0.00605744
0 0.613957 0.325444 0.0211043 0.167179 0.00573373
1 0.62913 0.32951 0.0406634 0.161891 0.00501398
0 0.920564 0.643941 0.0150267 0.0339024 0.00435939
5 0.62913 0.32951 0.0406634 0.161891 0.00414977
2 0.317123 0.69692 0.0527248 0.13439 0.00388394
3 0.62913 0.32951 0.0406634 0.161891 0.00386237
1 0.316974 0.698535 0.0523628 0.137022 0.00378588
1 0.111693 0.688102 0.0530173 0.130568 0.00366543
3 0.653895 0.327651 0.0101165 0.126658 0.00361246
2 0.111627 0.687702 0.0529816 0.130558 0.00351867
4 0.316974 0.698535 0.0523628 0.137022 0.00331849
2 0.62913 0.32951 0.0406634 0.161891 0.00320721
4 0.111693 0.688102 0.0530173 0.130568 0.00315268
4 0.62913 0.32951 0.0406634 0.161891 0.00305832
2 0.568186 0.662271 0.0304995 0.0684583 0.00293352
2 0.752529 0.76655 0.0618988 0.115369 0.00290918
0 0.33723 0.713555 0.210391 0.254286 0.00289965
5 0.316974 0.698535 0.0523628 0.137022 0.00279726
3 0.316974 0.698535 0.0523628 0.137022 0.00271494
5 0.111693 0.688102 0.0530173 0.130568 0.00269479
1 0.56859 0.662445 0.030047 0.0681584 0.0026858
3 0.111693 0.688102 0.0530173 0.130568 0.00264867
0 0.90082 0.64583 0.0255524 0.0417503 0.00256342
0 0.13343 0.707496 0.20988 0.254469 0.0024486
1 0.752529 0.76655 0.0618988 0.115369 0.00240079
0 0.653789 0.295775 0.00567122 0.0778023 0.0023491
4 0.567473 0.662806 0.0290588 0.0681351 0.00233879
0 0.729019 0.76935 0.0652874 0.112318 0.00230944
3 0.752529 0.76655 0.0618988 0.115369 0.00227399
0 0.67175 0.160867 0.00682707 0.0460678 0.00218663
5 0.567806 0.662429 0.0297032 0.0713383 0.00217924
0 0.112619 0.667753 0.225238 0.280287 0.00214189
0 0.892796 0.647815 0.0117689 0.0395826 0.00211029
3 0.56859 0.662445 0.030047 0.0681584 0.00206585
0 0.670511 0.157466 0.00686293 0.0363595 0.00205205
4 0.752529 0.76655 0.0618988 0.115369 0.00204131
5 0.75282 0.764172 0.0614377 0.118571 0.00183609
0 0.653986 0.160314 0.00885534 0.0466102 0.00162602
0 0.671257 0.157449 0.0117371 0.0563508 0.00159154
1 0.656991 0.328847 0.0102258 0.131673 0.00153673
4 0.653895 0.327651 0.0101165 0.126658 0.00148902
0 0.629705 0.330946 0.0618372 0.174445 0.00147672
0 0.766503 0.760588 0.0731607 0.123273 0.00143963
0 0.753649 0.74539 0.218375 0.269963 0.00136382
1 0.900552 0.645538 0.0151487 0.0359278 0.00124952
0 0.569689 0.658952 0.0480961 0.0825044 0.0012414
0 0.557026 0.660845 0.0314281 0.0651348 0.00123164
1 0.653259 0.32915 0.0190944 0.140778 0.0012147
0 0.727482 0.759634 0.099799 0.139621 0.00100029
