0 0.169919 0.707345 0.0641038 0.166249 0.914243
0 0.623369 0.323206 0.0405431 0.161871 0.910617
0 0.754214 0.762657 0.0939184 0.259143 0.905963
0 0.527239 0.66228 0.0322413 0.0757716 0.860495
0 0.625332 0.667547 0.029422 0.0685576 0.823355
0 0.649864 0.323521 0.0109417 0.120994 0.756873
0 0.894718 0.642255 0.01469 0.0328224 0.197903
0 0.908534 0.640021 0.0101187 0.0266295 0.149237
0 0.905682 0.641619 0.0160913 0.0276094 0.123796
0 0.909977 0.639981 0.0156225 0.0321031 0.017692
0 0.753722 0.771086 0.154977 0.287376 0.0135397
0 0.913829 0.637423 0.0100657 0.0252189 0.0118962
0 0.64847 0.302373 0.0089736 0.0872613 0.0118943
0 0.649665 0.326417 0.0218442 0.156205 0.00856935
1 0.649395 0.323129 0.0114964 0.125331 0.00856828
0 0.186635 0.712237 0.171824 0.233061 0.00629872
0 0.526185 0.6651 0.046931 0.0929175 0.00552169
1 0.170059 0.706789 0.0668838 0.165138 0.00480628
0 0.907956 0.646457 0.0112392 0.0318331 0.0046308
1 0.623369 0.323206 0.0405431 0.161871 0.0045374
1 0.753252 0.764697 0.0941031 0.257447 0.00430179
3 0.649579 0.321496 0.00999737 0.121471 0.00428097
4 0.169122 0.706147 0.0679069 0.165151 0.0042067
4 0.753252 0.764697 0.0941031 0.257447 0.00420066
5 0.754199 0.763833 0.0935383 0.257749 0.00417691
0 0.623178 0.679365 0.0482285 0.098079 0.00409243
2 0.169122 0.706147 0.0679069 0.165151 0.00396193
3 0.169122 0.706147 0.0679069 0.165151 0.00392763
2 0.753252 0.764697 0.0941031 0.257447 0.00391051
5 0.170059 0.706789 0.0668838 0.165138 0.00384962
3 0.753252 0.764697 0.0941031 0.257447 0.00379266
5 0.624609 0.326214 0.0410429 0.16363 0.00374774
0 0.661573 0.326876 0.00990238 0.126443 0.00374682
3 0.622739 0.32237 0.040688 0.164194 0.00344493
0 0.893819 0.640813 0.0181015 0.0459412 0.00343743
2 0.623369 0.323206 0.0405431 0.161871 0.00336053
2 0.527358 0.661517 0.0319448 0.0740382 0.00315942
4 0.624609 0.326214 0.0410429 0.16363 0.00281481
1 0.527344 0.661999 0.0324532 0.0729908 0.0026687
2 0.625659 0.666942 0.0306036 0.0669133 0.00266522
4 0.527344 0.661999 0.0324532 0.0729908 0.00249577
0 0.648398 0.283838 0.00735607 0.0614843 0.00235395
3 0.527358 0.661517 0.0319448 0.0740382 0.00232925
1 0.625868 0.667408 0.0313997 0.0669499 0.00218968
5 0.52728 0.661714 0.0321766 0.0754583 0.00208297
0 0.600288 0.324582 0.0159163 0.164865 0.00199495
4 0.625868 0.667408 0.0313997 0.0669499 0.00189178
0 0.662717 0.316608 0.00660114 0.110581 0.00166577
3 0.625868 0.667408 0.0313997 0.0669499 0.00163142
0 0.649193 0.303528 0.0139851 0.119868 0.00156224
4 0.649579 0.321496 0.00999737 0.121471 0.00153773
5 0.625659 0.666942 0.0306036 0.0669133 0.00147858
5 0.649968 0.327034 0.0147099 0.136055 0.00137464
0 0.521834 0.651312 0.0351974 0.0886806 0.00128613
0 0.914671 0.636292 0.0154037 0.0353705 0.00125301
0 0.903701 0.636825 0.0182945 0.0475144 0.00118013
