0 0.749175 0.759483 0.0852853 0.250515 0.914168
0 0.187249 0.710768 0.0619796 0.151983 0.90398
0 0.623931 0.324814 0.0412323 0.162426 0.902314
0 0.53257 0.661841 0.0315032 0.0753162 0.83722
0 0.628975 0.667902 0.0287266 0.0700143 0.779945
0 0.65017 0.323085 0.0116654 0.126592 0.779644
0 0.894734 0.642713 0.0132965 0.0338791 0.0929134
0 0.902825 0.642593 0.0173307 0.0284284 0.0416248
0 0.909092 0.641605 0.0129488 0.0260965 0.0270511
0 0.751273 0.767721 0.154399 0.280991 0.0137804
0 0.649794 0.326235 0.0222197 0.158588 0.0119959
0 0.648711 0.304835 0.00900898 0.115961 0.0106564
1 0.649776 0.322618 0.0123724 0.129298 0.00794683
0 0.661731 0.327033 0.0101964 0.130993 0.00653197
0 0.198479 0.715614 0.176762 0.238189 0.00542795
0 0.530322 0.655375 0.0455057 0.0867374 0.0053531
3 0.649871 0.321536 0.0105503 0.124785 0.004978
1 0.624768 0.327217 0.0417477 0.164626 0.00466479
1 0.74905 0.759371 0.0859927 0.24883 0.00458921
1 0.186203 0.71089 0.0676756 0.156043 0.00451407
4 0.74905 0.759371 0.0859927 0.24883 0.00425896
0 0.909614 0.640479 0.0175529 0.0353173 0.00424724
5 0.749674 0.759078 0.0868929 0.246798 0.00400787
5 0.624768 0.327217 0.0417477 0.164626 0.0038785
3 0.74905 0.759371 0.0859927 0.24883 0.00382879
2 0.74905 0.759371 0.0859927 0.24883 0.00371283
4 0.186203 0.71089 0.0676756 0.156043 0.00359684
3 0.624768 0.327217 0.0417477 0.164626 0.00347689
5 0.187124 0.711733 0.0668337 0.15271 0.00346779
2 0.186947 0.710122 0.0671045 0.153283 0.00345421
2 0.623931 0.324814 0.0412323 0.162426 0.00336893
2 0.53285 0.661905 0.0319276 0.0730686 0.0033632
3 0.186947 0.710122 0.0671045 0.153283 0.00314066
4 0.624768 0.327217 0.0417477 0.164626 0.00287128
1 0.53285 0.661905 0.0319276 0.0730686 0.00266058
0 0.61509 0.325465 0.0335009 0.170285 0.00260458
3 0.53285 0.661905 0.0319276 0.0730686 0.00258598
5 0.532391 0.66227 0.0320226 0.0753775 0.00242353
0 0.624698 0.679257 0.048777 0.0994283 0.00234558
2 0.629388 0.667335 0.0298789 0.0669252 0.00228828
4 0.53285 0.661905 0.0319276 0.0730686 0.00227994
1 0.629388 0.667335 0.0298789 0.0669252 0.00203501
0 0.53992 0.658702 0.0347563 0.0689907 0.00202838
0 0.894263 0.640868 0.018227 0.0472276 0.00181906
0 0.602267 0.325343 0.0184289 0.17164 0.00181235
4 0.629007 0.66818 0.029451 0.0665483 0.00181208
3 0.628805 0.668292 0.0293921 0.069797 0.00156281
4 0.649871 0.321536 0.0105503 0.124785 0.00151729
5 0.628805 0.668292 0.0293921 0.069797 0.00151206
5 0.650268 0.326519 0.0152363 0.139936 0.00145614
0 0.623782 0.659643 0.0310189 0.0676973 0.00141522
0 0.635303 0.675289 0.0290482 0.079027 0.00121315
0 0.914214 0.637324 0.0105505 0.0276711 0.00116885
2 0.650268 0.326519 0.0152363 0.139936 0.00103874
