0 0.628366 0.328395 0.0394058 0.157919 0.88633
0 0.308108 0.698401 0.0547627 0.141724 0.879675
0 0.100867 0.688606 0.0552792 0.136212 0.870785
0 0.654061 0.32719 0.0104513 0.125652 0.835008
0 0.564847 0.662726 0.0290527 0.0723332 0.833153
0 0.900513 0.646249 0.0149332 0.0341862 0.560125
0 0.753651 0.769103 0.0557503 0.111508 0.430378
0 0.653702 0.328712 0.0178257 0.140547 0.125343
0 0.656978 0.32917 0.0104371 0.131335 0.101346
0 0.915092 0.644359 0.0128736 0.0279837 0.0701942
0 0.743339 0.75794 0.081067 0.120688 0.0400612
0 0.897493 0.643014 0.0140255 0.0367095 0.0248443
0 0.917142 0.640857 0.0101162 0.0258378 0.022885
0 0.719956 0.754839 0.113286 0.112442 0.0141165
0 0.920286 0.644424 0.0109167 0.0262355 0.0134063
1 0.653679 0.327552 0.0103694 0.126625 0.00908939
0 0.614012 0.325361 0.0215005 0.167628 0.00513775
1 0.628979 0.328989 0.0403862 0.162046 0.00501174
0 0.652489 0.303957 0.0090272 0.0896269 0.00476271
5 0.628979 0.328989 0.0403862 0.162046 0.00415481
1 0.101058 0.688669 0.0551445 0.136708 0.00398327
1 0.309281 0.697968 0.0548322 0.144909 0.00388994
3 0.628979 0.328989 0.0403862 0.162046 0.00388027
2 0.100787 0.688469 0.0538984 0.133839 0.00377735
3 0.653679 0.327552 0.0103694 0.126625 0.00376103
2 0.308996 0.697457 0.0548199 0.1407 0.00357966
0 0.760066 0.74362 0.0548142 0.133574 0.00337339
2 0.564879 0.661973 0.0316902 0.0698683 0.00329206
4 0.309281 0.697968 0.0548322 0.144909 0.00322691
2 0.628979 0.328989 0.0403862 0.162046 0.00321671
4 0.100787 0.688469 0.0538984 0.133839 0.00316277
0 0.306705 0.711989 0.212171 0.263625 0.00312192
4 0.628979 0.328989 0.0403862 0.162046 0.00304191
0 0.106258 0.706657 0.212515 0.262973 0.00295919
5 0.309281 0.697968 0.0548322 0.144909 0.00280853
3 0.101058 0.688669 0.0551445 0.136708 0.00274823
3 0.309281 0.697968 0.0548322 0.144909 0.00269195
0 0.918057 0.640474 0.0145874 0.033036 0.00268859
5 0.100709 0.689558 0.0537283 0.134468 0.00265758
1 0.565418 0.662805 0.0304297 0.0700602 0.0026439
4 0.564464 0.662976 0.0293998 0.0693415 0.00227478
0 0.653503 0.296081 0.00562181 0.0808753 0.00224978
0 0.92069 0.643724 0.0157087 0.0344675 0.00222736
2 0.753838 0.769295 0.0556375 0.110175 0.00220881
3 0.565418 0.662805 0.0304297 0.0700602 0.00216614
0 0.567917 0.659456 0.0480882 0.0829918 0.00203835
1 0.753838 0.769295 0.0556375 0.110175 0.00197073
5 0.565418 0.662805 0.0304297 0.0700602 0.00196583
3 0.753838 0.769295 0.0556375 0.110175 0.0019233
0 0.90076 0.645924 0.0257879 0.041738 0.00191876
0 0.298633 0.667359 0.0486922 0.102565 0.00189553
0 0.670628 0.156467 0.00674438 0.0370927 0.001641
4 0.753838 0.769295 0.0556375 0.110175 0.00163454
0 0.892836 0.647943 0.0120228 0.0400985 0.00161303
5 0.753838 0.769295 0.0556375 0.110175 0.00148855
4 0.653679 0.327552 0.0103694 0.126625 0.00148421
0 0.694722 0.733068 0.0975447 0.0974738 0.00144868
1 0.656978 0.32917 0.0104371 0.131335 0.00129999
0 0.671437 0.156571 0.0118217 0.0591696 0.00129065
1 0.900617 0.645701 0.0147585 0.0350742 0.00124055
0 0.67201 0.161604 0.00636187 0.0486402 0.00118877
1 0.653702 0.328712 0.0178257 0.140547 0.00118577
0 0.6295 0.330462 0.0616415 0.175739 0.00114153
0 0.602663 0.328155 0.0202841 0.17114 0.00109772
0 0.73524 0.756252 0.0518912 0.0911189 0.00105597
0 0.0935436 0.677051 0.0757843 0.175747 0.00104759
