0 0.216363 0.70389 0.0613609 0.157777 0.91275
0 0.733317 0.753053 0.0878365 0.237999 0.907369
0 0.625831 0.32531 0.0400915 0.161237 0.886724
0 0.0140298 0.69258 0.0280595 0.147343 0.850889
0 0.53971 0.66195 0.029775 0.0747158 0.836816
0 0.651395 0.322645 0.0115725 0.131887 0.829343
0 0.636133 0.671202 0.0261736 0.0625465 0.767904
0 0.895703 0.643537 0.0112539 0.0308076 0.0810946
0 0.901653 0.643483 0.0187128 0.0288397 0.0378273
0 0.909155 0.642619 0.0133188 0.0272908 0.0306175
0 0.74253 0.762395 0.154338 0.265668 0.0143199
0 0.649989 0.304724 0.00908566 0.126925 0.00971687
1 0.651405 0.322006 0.0102968 0.126115 0.0087888
0 0.658297 0.327351 0.0103589 0.139192 0.00713509
1 0.0144217 0.693041 0.0280373 0.148117 0.0068037
0 0.651382 0.325492 0.0230021 0.166376 0.00572521
0 0.0201073 0.687861 0.0402146 0.159712 0.00555324
0 0.234466 0.711426 0.179468 0.234685 0.00534026
0 0.90977 0.641134 0.0180744 0.0361643 0.00511673
1 0.626554 0.326409 0.0405704 0.164862 0.00482027
4 0.733366 0.752455 0.0890875 0.236011 0.00469476
1 0.733366 0.752455 0.0890875 0.236011 0.00442325
3 0.651405 0.322006 0.0102968 0.126115 0.00422652
5 0.626554 0.326409 0.0405704 0.164862 0.0041378
5 0.732544 0.753433 0.0888916 0.236341 0.00396984
2 0.733366 0.752455 0.0890875 0.236011 0.00396179
1 0.216118 0.70291 0.0659639 0.159182 0.00394189
3 0.626343 0.32609 0.0406118 0.16463 0.00383553
0 0.615724 0.324383 0.0287783 0.167553 0.00381791
3 0.0146356 0.692433 0.0292712 0.140677 0.00379576
0 0.897121 0.641488 0.0153908 0.04105 0.00377684
3 0.733366 0.752455 0.0890875 0.236011 0.00365404
2 0.539867 0.661711 0.0323355 0.0726463 0.00357029
2 0.216118 0.70291 0.0659639 0.159182 0.00351419
4 0.215781 0.702692 0.0666388 0.1592 0.00339776
2 0.625831 0.32531 0.0400915 0.161237 0.0033973
0 0.644809 0.686952 0.0342995 0.0858033 0.00323721
5 0.216118 0.70291 0.0659639 0.159182 0.00319348
3 0.215781 0.702692 0.0666388 0.1592 0.00318812
2 0.0142418 0.692329 0.0284244 0.147416 0.00305649
4 0.0142418 0.692329 0.0284244 0.147416 0.00291399
4 0.626554 0.326409 0.0405704 0.164862 0.0029083
1 0.540314 0.662053 0.0308673 0.072559 0.00281782
5 0.0142418 0.692329 0.0284244 0.147416 0.00273657
0 0.65734 0.14203 0.0124122 0.0566464 0.00259795
4 0.540314 0.662053 0.0308673 0.072559 0.00241659
3 0.540314 0.662053 0.0308673 0.072559 0.00235766
5 0.540314 0.662053 0.0308673 0.072559 0.00212644
2 0.636225 0.670548 0.0279074 0.0601379 0.00190053
0 0.537546 0.652398 0.0473677 0.0899529 0.00185645
1 0.636225 0.670548 0.0279074 0.0601379 0.0016797
0 0.63277 0.681722 0.039301 0.103486 0.00153717
4 0.651405 0.322006 0.0102968 0.126115 0.00149009
4 0.636342 0.670761 0.0255051 0.0585014 0.0014754
5 0.636133 0.671202 0.0261736 0.0625465 0.0014287
0 0.662308 0.139403 0.0144641 0.0547297 0.00135092
3 0.636225 0.670548 0.0279074 0.0601379 0.00122011
0 0.892745 0.646812 0.011595 0.0366318 0.00120321
0 0.719481 0.729078 0.0719251 0.19087 0.00117565
5 0.652282 0.324774 0.0139076 0.142598 0.00117226
0 0.657786 0.138285 0.0170895 0.0717047 0.00116601
0 0.0103416 0.67369 0.0206833 0.129436 0.00108655
0 0.658612 0.325632 0.0157434 0.157824 0.00108642
