0 0.7568 0.764915 0.098489 0.26948 0.918823
0 0.623227 0.323186 0.0398901 0.158517 0.910094
0 0.157564 0.707259 0.0647316 0.164065 0.902537
0 0.524259 0.662377 0.0317202 0.0780222 0.853207
0 0.62322 0.668263 0.0279785 0.067951 0.847065
0 0.64947 0.321522 0.0105687 0.124182 0.781007
0 0.892856 0.642027 0.0147284 0.0354919 0.209309
0 0.902809 0.641024 0.0156912 0.0271873 0.0385051
0 0.64821 0.302276 0.00904408 0.0956998 0.0253274
0 0.910149 0.638814 0.0121309 0.0252009 0.0241926
0 0.755502 0.771703 0.155268 0.29247 0.0138892
1 0.648964 0.320748 0.0109236 0.12724 0.0081101
0 0.649443 0.325067 0.0218555 0.156932 0.00674896
0 0.155055 0.713473 0.178189 0.242685 0.00584146
0 0.525635 0.655744 0.0457768 0.0927683 0.00500641
1 0.623227 0.323186 0.0398901 0.158517 0.00455472
1 0.157216 0.706416 0.0681634 0.161892 0.00441857
5 0.756885 0.765582 0.0976514 0.266108 0.00441427
4 0.756121 0.766663 0.0991852 0.266712 0.00419451
1 0.756121 0.766663 0.0991852 0.266712 0.00416497
4 0.157514 0.705993 0.0680546 0.162888 0.0041106
2 0.756121 0.766663 0.0991852 0.266712 0.00404525
3 0.649379 0.319876 0.0096077 0.123804 0.00400276
5 0.157216 0.706416 0.0681634 0.161892 0.00386363
5 0.624372 0.325784 0.0403506 0.160291 0.00385961
2 0.157514 0.705993 0.0680546 0.162888 0.00385463
3 0.756885 0.765582 0.0976514 0.266108 0.00378101
3 0.157514 0.705993 0.0680546 0.162888 0.0035859
3 0.624372 0.325784 0.0403506 0.160291 0.00355935
0 0.648701 0.284683 0.00731783 0.0612469 0.00354341
2 0.623227 0.323186 0.0398901 0.158517 0.00344518
0 0.910686 0.638094 0.0165407 0.0341454 0.00333768
0 0.913308 0.635864 0.00999565 0.0260941 0.00320822
0 0.648753 0.304845 0.0141952 0.125931 0.0029661
2 0.524477 0.6616 0.0316313 0.0755428 0.00293755
2 0.623484 0.667744 0.029972 0.0666134 0.00289722
4 0.624372 0.325784 0.0403506 0.160291 0.0028557
1 0.524839 0.661965 0.0317686 0.0753372 0.00273571
4 0.622725 0.668861 0.0297137 0.0646635 0.00246661
1 0.623518 0.668422 0.0301989 0.0657561 0.00246636
4 0.524839 0.661965 0.0317686 0.0753372 0.00237386
0 0.663312 0.326634 0.00963125 0.12775 0.00215733
3 0.524839 0.661965 0.0317686 0.0753372 0.00209551
5 0.524839 0.661965 0.0317686 0.0753372 0.00191855
0 0.621721 0.679431 0.050799 0.0959676 0.00185117
3 0.623518 0.668422 0.0301989 0.0657561 0.00173736
0 0.913856 0.635405 0.0130939 0.0339127 0.0016781
5 0.623518 0.668422 0.0301989 0.0657561 0.00165462
4 0.648964 0.320748 0.0109236 0.12724 0.00131663
5 0.649642 0.325912 0.0146444 0.136144 0.00119855
0 0.601213 0.31256 0.0172519 0.179572 0.00112334
3 0.649642 0.325912 0.0146444 0.136144 0.00100665
