0 0.62841 0.328807 0.0396456 0.157858 0.887542
0 0.31305 0.700866 0.0534054 0.133614 0.882785
0 0.106538 0.688308 0.0514496 0.128172 0.866098
0 0.654188 0.327149 0.0103333 0.12551 0.833265
0 0.566205 0.661977 0.0289086 0.0729194 0.821758
0 0.900445 0.646187 0.0150003 0.0342603 0.574324
0 0.752642 0.760981 0.0579052 0.105992 0.331902
0 0.653505 0.32891 0.0184997 0.140681 0.123793
0 0.656997 0.328987 0.0103131 0.131698 0.108222
0 0.915924 0.64428 0.0124666 0.0281189 0.0959675
0 0.897542 0.643022 0.0140165 0.0368027 0.0264507
0 0.920221 0.644482 0.0107977 0.0259746 0.019705
0 0.918007 0.640669 0.0120054 0.0299587 0.0195235
0 0.746152 0.736914 0.0653534 0.123679 0.0104572
1 0.653806 0.327507 0.0102416 0.126699 0.0088903
0 0.614009 0.325423 0.0215535 0.167481 0.00582141
0 0.736977 0.752836 0.0939019 0.113969 0.00573866
1 0.629005 0.329361 0.0406609 0.161987 0.00502273
0 0.652595 0.304212 0.00898437 0.091406 0.00466646
5 0.629005 0.329361 0.0406609 0.161987 0.00415486
3 0.629005 0.329361 0.0406609 0.161987 0.00386593
1 0.313123 0.700474 0.0529448 0.135388 0.00384677
1 0.106762 0.687966 0.0530694 0.130186 0.00378195
2 0.313005 0.699795 0.0534734 0.132124 0.00376591
2 0.106762 0.687966 0.0530694 0.130186 0.00371398
3 0.653806 0.327507 0.0102416 0.126699 0.00368088
0 0.0978832 0.669566 0.0516128 0.103076 0.00349653
4 0.313123 0.700474 0.0529448 0.135388 0.00332281
0 0.920614 0.6439 0.0152411 0.0338756 0.00322638
2 0.629005 0.329361 0.0406609 0.161987 0.00320938
4 0.106498 0.688139 0.0525053 0.129234 0.00320286
4 0.629005 0.329361 0.0406609 0.161987 0.00305724
2 0.566338 0.662002 0.0309507 0.0697443 0.00297742
5 0.106762 0.687966 0.0530694 0.130186 0.00285971
3 0.106762 0.687966 0.0530694 0.130186 0.00284652
5 0.313123 0.700474 0.0529448 0.135388 0.00283976
0 0.334196 0.713916 0.209878 0.253617 0.00274035
3 0.313123 0.700474 0.0529448 0.135388 0.0026938
1 0.566846 0.6625 0.0302468 0.0698658 0.00262871
4 0.565684 0.662633 0.0292104 0.069509 0.00227347
0 0.126597 0.706644 0.213602 0.255507 0.00226954
3 0.56602 0.66227 0.0298169 0.0732178 0.00210676
5 0.56602 0.66227 0.0298169 0.0732178 0.00199422
0 0.670507 0.156769 0.00686741 0.0366942 0.00194514
0 0.900691 0.645939 0.0257666 0.0417397 0.00193514
0 0.653635 0.296334 0.00558815 0.0802429 0.00182761
0 0.892809 0.648072 0.011974 0.0403919 0.00165926
0 0.764798 0.756231 0.0662646 0.120581 0.00164658
0 0.56883 0.659126 0.0482724 0.082982 0.00163769
0 0.671701 0.161307 0.00666056 0.0468432 0.00161521
0 0.67127 0.156888 0.0118771 0.0577217 0.00152033
4 0.653806 0.327507 0.0102416 0.126699 0.0014851
1 0.752351 0.760759 0.0583159 0.106902 0.00143871
1 0.656997 0.328987 0.0103131 0.131698 0.00142485
2 0.752351 0.760759 0.0583159 0.106902 0.00141135
0 0.629579 0.330726 0.0617721 0.175003 0.00137627
3 0.754551 0.763319 0.0582994 0.10633 0.00124777
1 0.900553 0.645644 0.0148106 0.0351651 0.0012414
4 0.754235 0.762858 0.0580853 0.106104 0.00121266
1 0.653505 0.32891 0.0184997 0.140681 0.00113933
0 0.60298 0.328459 0.0208348 0.170924 0.00106056
5 0.754429 0.760473 0.0595409 0.106062 0.0010441
0 0.300502 0.673109 0.0459354 0.106373 0.00102512
