0 0.268105 0.699992 0.0553078 0.149031 0.900819
0 0.734094 0.744328 0.0783008 0.201549 0.891597
0 0.627287 0.327054 0.0397515 0.158042 0.888978
0 0.053692 0.690945 0.0568435 0.138593 0.866735
0 0.554167 0.661486 0.0308743 0.0774107 0.848947
0 0.65371 0.32575 0.0106307 0.125518 0.831814
0 0.900019 0.646717 0.0136415 0.0315879 0.265139
0 0.905908 0.646681 0.0128551 0.0283443 0.0895738
0 0.901749 0.645042 0.0207922 0.0341746 0.0748422
0 0.657175 0.329875 0.010184 0.133107 0.0631509
0 0.908902 0.644892 0.015349 0.0309244 0.0381583
0 0.897822 0.642643 0.0130413 0.0359498 0.0130057
0 0.74459 0.75678 0.15746 0.248537 0.010638
1 0.653388 0.326216 0.0105491 0.126094 0.00852933
0 0.652154 0.30362 0.00941458 0.0941212 0.00615787
0 0.615359 0.325093 0.0250612 0.167563 0.00514989
1 0.627967 0.327848 0.0406009 0.162437 0.00495788
4 0.734589 0.744138 0.0805815 0.198676 0.00489659
1 0.734589 0.744138 0.0805815 0.198676 0.00471928
5 0.627967 0.327848 0.0406009 0.162437 0.00421035
2 0.734589 0.744138 0.0805815 0.198676 0.00396027
1 0.053692 0.690945 0.0568435 0.138593 0.00391294
5 0.734302 0.745329 0.0794565 0.19834 0.0038931
3 0.627967 0.327848 0.0406009 0.162437 0.00388418
0 0.652825 0.327934 0.0242081 0.164523 0.00380531
2 0.268462 0.697981 0.0551745 0.14806 0.0038041
3 0.653388 0.326216 0.0105491 0.126094 0.00379782
3 0.734589 0.744138 0.0805815 0.198676 0.00373766
0 0.287201 0.712233 0.200585 0.250458 0.00372699
2 0.053692 0.690945 0.0568435 0.138593 0.00366048
1 0.268144 0.699742 0.0547848 0.151352 0.00355957
0 0.653067 0.296195 0.00604916 0.0854301 0.00354709
2 0.627287 0.327054 0.0397515 0.158042 0.00329901
0 0.0792549 0.707415 0.15851 0.258751 0.00321897
4 0.0530866 0.6909 0.0558018 0.135649 0.00319211
0 0.734493 0.748652 0.058843 0.138516 0.0031874
4 0.627967 0.327848 0.0406009 0.162437 0.00302163
4 0.268144 0.699742 0.0547848 0.151352 0.00298957
2 0.554172 0.66172 0.0318529 0.0750365 0.0029787
0 0.557445 0.660955 0.0477468 0.0875006 0.00296914
3 0.268462 0.697981 0.0551745 0.14806 0.00281675
5 0.053692 0.690945 0.0568435 0.138593 0.00280065
0 0.750734 0.7309 0.0614665 0.170464 0.00278208
3 0.053692 0.690945 0.0568435 0.138593 0.00277795
5 0.26728 0.698782 0.055946 0.149532 0.0026425
1 0.554011 0.661678 0.0322198 0.0740469 0.00262553
0 0.715205 0.735957 0.0737412 0.186033 0.00252665
0 0.655849 0.147004 0.0107567 0.0600096 0.00250887
0 0.897024 0.642972 0.0190512 0.0468067 0.00246739
4 0.554011 0.661678 0.0322198 0.0740469 0.00239642
0 0.66197 0.340503 0.00847864 0.134489 0.00233544
3 0.554172 0.66172 0.0318529 0.0750365 0.00233354
5 0.554036 0.661829 0.0313853 0.0778887 0.00214063
0 0.670801 0.152799 0.00689354 0.0392303 0.00155594
4 0.653388 0.326216 0.0105491 0.126094 0.00142703
0 0.668663 0.149742 0.00855017 0.0481772 0.00138156
0 0.671663 0.15348 0.0115059 0.0598221 0.00131581
0 0.657226 0.143593 0.0156362 0.0725628 0.00130754
0 0.0403544 0.668486 0.0580507 0.160178 0.00122704
0 0.914802 0.648093 0.0128134 0.0318627 0.00121013
0 0.602521 0.326866 0.0213419 0.171144 0.00110218
0 0.915706 0.639702 0.0112665 0.0292739 0.00105129
5 0.654126 0.326611 0.013209 0.137257 0.00102599
0 0.62818 0.328354 0.060144 0.17423 0.00102222
