0 0.620822 0.32215 0.0418932 0.15774 0.917513
0 0.10615 0.706912 0.0707989 0.179214 0.909158
0 0.778992 0.772911 0.104073 0.29482 0.906185
0 0.510421 0.661307 0.0321784 0.0808395 0.841848
0 0.611049 0.667956 0.030125 0.0679105 0.837748
0 0.647172 0.318881 0.0107388 0.125588 0.781305
0 0.891182 0.643395 0.0113705 0.0318954 0.0412351
0 0.646326 0.29731 0.00843945 0.0993355 0.0156177
0 0.665105 0.31821 0.0122989 0.123378 0.0103343
1 0.646943 0.318434 0.010727 0.127534 0.010289
0 0.899526 0.640195 0.0143633 0.025589 0.0101139
0 0.647763 0.28586 0.00872383 0.0740272 0.00970527
0 0.646485 0.294276 0.00641117 0.0759474 0.00925992
0 0.892474 0.639999 0.0178585 0.0360125 0.00824313
0 0.104361 0.711928 0.166216 0.239753 0.0077291
0 0.605534 0.675863 0.0364182 0.0785224 0.00645462
0 0.648042 0.315812 0.0211752 0.156165 0.00570189
4 0.106745 0.705956 0.0727617 0.177634 0.00477389
1 0.1061 0.706125 0.072499 0.177206 0.00469785
1 0.620759 0.320974 0.0408568 0.156673 0.00440157
5 0.779335 0.771332 0.107321 0.295823 0.00428639
2 0.106745 0.705956 0.0727617 0.177634 0.00425775
1 0.779236 0.772574 0.108511 0.295249 0.00425435
5 0.1061 0.706125 0.072499 0.177206 0.00425237
4 0.779236 0.772574 0.108511 0.295249 0.00413783
3 0.106745 0.705956 0.0727617 0.177634 0.00381855
2 0.779236 0.772574 0.108511 0.295249 0.00375527
3 0.646943 0.318434 0.010727 0.127534 0.00365869
3 0.620628 0.321551 0.0408497 0.158245 0.0036084
3 0.779005 0.771547 0.10673 0.295297 0.00358554
2 0.620759 0.320974 0.0408568 0.156673 0.00330262
0 0.905668 0.638046 0.00951614 0.0255676 0.00321758
0 0.614953 0.664766 0.0478487 0.0837904 0.00316071
5 0.622414 0.324343 0.0428764 0.156332 0.00302042
2 0.510866 0.660246 0.031889 0.0782302 0.00279101
1 0.510866 0.660246 0.031889 0.0782302 0.00275198
2 0.611326 0.667213 0.0308949 0.06673 0.00274951
4 0.620628 0.321551 0.0408497 0.158245 0.00259563
1 0.611326 0.667213 0.0308949 0.06673 0.00242434
3 0.510866 0.660246 0.031889 0.0782302 0.00241424
5 0.510866 0.660246 0.031889 0.0782302 0.00229713
4 0.510866 0.660246 0.031889 0.0782302 0.00219997
4 0.610929 0.66764 0.0306668 0.0660348 0.00209049
0 0.621915 0.679439 0.0372925 0.0820611 0.00194884
0 0.900199 0.639044 0.0199112 0.034167 0.00186461
3 0.611326 0.667213 0.0308949 0.06673 0.00185096
0 0.647334 0.285877 0.0140908 0.0920861 0.00182688
5 0.611326 0.667213 0.0308949 0.06673 0.00181143
0 0.906256 0.637854 0.0126421 0.0337414 0.00173525
0 0.665199 0.323239 0.00767355 0.119653 0.00162644
0 0.665477 0.142879 0.00625181 0.0444229 0.00154979
0 0.652243 0.335497 0.0113838 0.157077 0.0015066
0 0.767033 0.76872 0.162236 0.334223 0.00134062
0 0.908967 0.639298 0.0119162 0.029498 0.00130042
0 0.67088 0.326275 0.0122165 0.0841831 0.00129812
4 0.646688 0.318454 0.0106075 0.12939 0.00120747
0 0.893019 0.647309 0.0130596 0.0370089 0.00119189
0 0.645477 0.281732 0.017131 0.121655 0.00106953
0 0.666102 0.14361 0.00906162 0.0534886 0.00105459
0 0.606348 0.679585 0.0481035 0.111452 0.00105412
