0 0.119938 0.707555 0.0671172 0.176107 0.924644
0 0.621143 0.322823 0.0422672 0.158179 0.916722
0 0.770076 0.768797 0.10799 0.291306 0.880307
0 0.613944 0.666752 0.0293835 0.0675587 0.850842
0 0.514255 0.662633 0.0328918 0.0771645 0.850821
0 0.647841 0.318417 0.0106624 0.127739 0.789786
0 0.891329 0.643244 0.011347 0.0324168 0.0383514
0 0.646887 0.298108 0.00886459 0.101504 0.0323191
1 0.647476 0.317906 0.0106316 0.128865 0.00885354
0 0.64827 0.285259 0.00714273 0.0634499 0.00808548
0 0.891912 0.639737 0.0172699 0.0372715 0.00799603
0 0.10831 0.694013 0.178554 0.259746 0.00770637
0 0.664139 0.315837 0.0123575 0.129292 0.00645157
0 0.648583 0.316127 0.0214006 0.158363 0.00562406
1 0.120297 0.706564 0.06917 0.175512 0.00509013
0 0.901106 0.639945 0.0139317 0.0271002 0.00491868
4 0.119344 0.706484 0.0700896 0.174512 0.00473071
1 0.621073 0.32155 0.041268 0.157159 0.00441895
2 0.119344 0.706484 0.0700896 0.174512 0.00441725
5 0.120297 0.706564 0.06917 0.175512 0.00436196
5 0.771464 0.769008 0.107809 0.287276 0.0043324
3 0.119344 0.706484 0.0700896 0.174512 0.00423257
1 0.770207 0.769994 0.108754 0.289628 0.00397252
4 0.771434 0.77053 0.107599 0.284615 0.00375569
3 0.620931 0.322048 0.0412615 0.158825 0.00360949
3 0.771464 0.769008 0.107809 0.287276 0.00359069
2 0.771434 0.77053 0.107599 0.284615 0.00353516
2 0.514604 0.661233 0.0346256 0.0750425 0.00352088
3 0.647476 0.317906 0.0106316 0.128865 0.00350867
2 0.614366 0.665863 0.0316216 0.0658639 0.00336758
5 0.62254 0.324417 0.0430262 0.157184 0.00333878
2 0.621073 0.32155 0.041268 0.157159 0.00332572
0 0.647291 0.298102 0.0136701 0.116135 0.00326427
0 0.62177 0.678262 0.039046 0.0793365 0.00316703
1 0.514982 0.661373 0.0330131 0.075318 0.00283739
4 0.621073 0.32155 0.041268 0.157159 0.00262594
0 0.666036 0.142309 0.00637856 0.0444031 0.00247535
4 0.514982 0.661373 0.0330131 0.075318 0.00244691
3 0.514982 0.661373 0.0330131 0.075318 0.00239542
1 0.614702 0.665973 0.0305533 0.0658053 0.00237508
5 0.514982 0.661373 0.0330131 0.075318 0.00223414
4 0.613978 0.666674 0.0299972 0.0644339 0.00212378
3 0.614702 0.665973 0.0305533 0.0658053 0.00181162
0 0.618495 0.665489 0.0492607 0.0830978 0.00174624
5 0.614702 0.665973 0.0305533 0.0658053 0.00172861
0 0.906039 0.637671 0.00986118 0.0280626 0.00142045
0 0.651556 0.335739 0.010959 0.159218 0.00133946
0 0.598931 0.677679 0.0360724 0.0814178 0.00131673
4 0.647476 0.317906 0.0106316 0.128865 0.00115574
0 0.909865 0.63883 0.0120224 0.0302629 0.00113982
0 0.665373 0.323192 0.00691833 0.119572 0.00103294
0 0.901815 0.638768 0.0202591 0.0363124 0.00102043
