0 0.623605 0.323828 0.0407076 0.161761 0.908501
0 0.175759 0.708951 0.0661679 0.159519 0.901408
0 0.75238 0.762061 0.0912862 0.254962 0.899665
0 0.52956 0.66103 0.0323544 0.0775813 0.837939
0 0.626272 0.667889 0.0287891 0.0674876 0.822821
0 0.650009 0.323609 0.0111949 0.121759 0.756674
0 0.894828 0.642609 0.0140459 0.0336049 0.0801539
0 0.903697 0.642341 0.0177608 0.0282825 0.0431742
0 0.909681 0.641009 0.0130724 0.0265643 0.0329303
0 0.752582 0.769737 0.154754 0.285882 0.0138128
0 0.649677 0.326654 0.0219599 0.156503 0.0100314
1 0.64957 0.323234 0.0118052 0.125831 0.00891611
0 0.662575 0.327272 0.00938978 0.126034 0.0080585
0 0.527553 0.663148 0.0467182 0.0924037 0.00805504
0 0.649002 0.303797 0.00875807 0.108839 0.00765876
0 0.19134 0.713728 0.16927 0.23105 0.00673761
0 0.910198 0.640066 0.017152 0.034724 0.0054468
1 0.175615 0.708505 0.0686106 0.159214 0.00531856
3 0.649666 0.321499 0.0102359 0.122231 0.00460664
1 0.624684 0.326604 0.0412181 0.163767 0.00459592
1 0.751524 0.762561 0.0912392 0.254974 0.00438395
4 0.175615 0.708505 0.0686106 0.159214 0.00435921
5 0.753129 0.761448 0.0927579 0.252401 0.00419168
5 0.176717 0.709623 0.0686667 0.15849 0.00411649
4 0.751524 0.762561 0.0912392 0.254974 0.00410159
3 0.175615 0.708505 0.0686106 0.159214 0.0040781
2 0.175615 0.708505 0.0686106 0.159214 0.00403332
5 0.624684 0.326604 0.0412181 0.163767 0.00381275
3 0.751524 0.762561 0.0912392 0.254974 0.00377031
2 0.751524 0.762561 0.0912392 0.254974 0.00375501
0 0.625856 0.671815 0.037589 0.0907829 0.00357246
3 0.624684 0.326604 0.0412181 0.163767 0.00346555
2 0.623605 0.323828 0.0407076 0.161761 0.00334997
2 0.529664 0.660956 0.0327975 0.0756207 0.00313932
4 0.624684 0.326604 0.0412181 0.163767 0.00283385
1 0.529502 0.660975 0.033181 0.0746704 0.00263413
2 0.626747 0.66718 0.0299162 0.0657587 0.00256011
3 0.529664 0.660956 0.0327975 0.0756207 0.0024564
4 0.529502 0.660975 0.033181 0.0746704 0.00241275
0 0.913693 0.637463 0.0108984 0.0273984 0.00238556
5 0.52943 0.661392 0.032754 0.0776838 0.00230057
0 0.615713 0.318601 0.0328207 0.180608 0.00226049
1 0.626747 0.66718 0.0299162 0.0657587 0.00213337
4 0.626508 0.668446 0.0298166 0.0673548 0.00183362
0 0.894186 0.64103 0.0185551 0.047369 0.00171301
3 0.62626 0.668256 0.029455 0.0674791 0.0015612
4 0.649666 0.321499 0.0102359 0.122231 0.00152031
0 0.601124 0.324997 0.0166279 0.167196 0.00148531
0 0.90775 0.647112 0.0121571 0.0343344 0.00145297
5 0.626747 0.66718 0.0299162 0.0657587 0.0014381
5 0.65003 0.327148 0.0149242 0.137164 0.00142512
0 0.648077 0.284758 0.00959196 0.0765417 0.00141416
0 0.665021 0.340024 0.00927401 0.108918 0.00126393
0 0.914229 0.637118 0.0141157 0.0356773 0.00125107
0 0.649066 0.304357 0.0142475 0.124095 0.00107932
