0 0.763267 0.769871 0.110279 0.289049 0.921231
0 0.621864 0.321743 0.0404169 0.158001 0.913904
0 0.132021 0.706673 0.0682706 0.173487 0.907188
0 0.517267 0.660903 0.0329689 0.078462 0.833534
0 0.616874 0.667508 0.0305105 0.0672576 0.822229
0 0.648641 0.319889 0.010233 0.125176 0.772642
0 0.891668 0.642644 0.0115662 0.0330605 0.142446
0 0.647352 0.300499 0.00879221 0.0988049 0.0295007
0 0.903167 0.640315 0.0141592 0.0273855 0.0285554
0 0.906839 0.638819 0.00939217 0.0260602 0.0203155
0 0.909284 0.638998 0.0112537 0.0270782 0.0117219
1 0.648133 0.319209 0.0103435 0.127309 0.00844359
0 0.144206 0.711153 0.163665 0.236896 0.00740185
1 0.131027 0.706974 0.0721165 0.172433 0.00542911
0 0.621062 0.678817 0.0381721 0.0798495 0.00511927
0 0.649074 0.317921 0.0215193 0.160852 0.00478913
4 0.131724 0.706135 0.0715416 0.172487 0.00464536
1 0.621864 0.321743 0.0404169 0.158001 0.00449043
2 0.131027 0.706974 0.0721165 0.172433 0.00444963
5 0.132089 0.707258 0.0713437 0.174247 0.00442131
0 0.64804 0.305632 0.0140526 0.127484 0.00436954
5 0.764293 0.768883 0.109966 0.280231 0.00428075
0 0.648512 0.285031 0.00671473 0.0626194 0.00416472
3 0.131724 0.706135 0.0715416 0.172487 0.00403347
4 0.764293 0.768883 0.109966 0.280231 0.0039812
1 0.763347 0.770423 0.110376 0.281425 0.00396789
2 0.763347 0.770423 0.110376 0.281425 0.00392
3 0.764293 0.768883 0.109966 0.280231 0.00363347
3 0.621575 0.322135 0.0405304 0.159691 0.00357397
0 0.666813 0.142446 0.00670834 0.0446676 0.00351204
5 0.623276 0.324709 0.0415929 0.158368 0.00348557
2 0.621864 0.321743 0.0404169 0.158001 0.00333439
3 0.648133 0.319209 0.0103435 0.127309 0.00324918
2 0.517391 0.661451 0.0341427 0.075899 0.0030978
0 0.662253 0.315401 0.0124985 0.127531 0.00307704
2 0.617418 0.667163 0.0316545 0.0644451 0.00303529
1 0.517896 0.66147 0.0334808 0.0760654 0.00290007
0 0.650997 0.335416 0.0104366 0.149985 0.00283714
0 0.608756 0.665714 0.0323055 0.0674976 0.00272184
4 0.623276 0.324709 0.0415929 0.158368 0.00268094
4 0.517896 0.66147 0.0334808 0.0760654 0.00262029
0 0.507517 0.658105 0.031519 0.0718282 0.00254005
3 0.517896 0.66147 0.0334808 0.0760654 0.00241389
1 0.617996 0.666836 0.0317636 0.0651823 0.00233381
5 0.517896 0.66147 0.0334808 0.0760654 0.00233117
4 0.616863 0.667781 0.0312178 0.0636813 0.00230943
0 0.907752 0.638089 0.0143513 0.0353962 0.00211405
0 0.892177 0.640516 0.0177706 0.047023 0.0020653
0 0.619817 0.684796 0.0469525 0.111047 0.00195106
3 0.617996 0.666836 0.0317636 0.0651823 0.00180083
5 0.617996 0.666836 0.0317636 0.0651823 0.00174576
0 0.911394 0.635119 0.0100891 0.0292715 0.00132194
0 0.662915 0.314908 0.00741529 0.115277 0.00126585
4 0.648133 0.319209 0.0103435 0.127309 0.00115554
0 0.601318 0.311022 0.0178758 0.179942 0.00106662
