0 0.75024 0.760077 0.087508 0.253706 0.90719
0 0.623808 0.324169 0.0407092 0.161156 0.905203
0 0.181689 0.709727 0.0632206 0.155116 0.898527
0 0.53152 0.661591 0.0319192 0.0764085 0.830807
0 0.627976 0.668851 0.0281301 0.0672906 0.806604
0 0.650118 0.323931 0.0114252 0.122565 0.76169
0 0.894711 0.642703 0.0134148 0.0331217 0.141162
0 0.903505 0.642513 0.0178093 0.027611 0.0612821
0 0.909507 0.641334 0.0130785 0.025602 0.051589
0 0.751609 0.768253 0.154357 0.283304 0.0137595
0 0.649716 0.32668 0.0220579 0.155777 0.0114107
1 0.649705 0.323529 0.0121203 0.126428 0.00872203
0 0.909967 0.64047 0.0169226 0.0332738 0.00836488
0 0.662595 0.327802 0.00936747 0.126184 0.00817727
0 0.648883 0.304237 0.00885944 0.111168 0.00656579
0 0.194864 0.714355 0.173388 0.234977 0.00600604
0 0.528851 0.663282 0.0466789 0.0908327 0.00576363
1 0.180566 0.709781 0.0687245 0.15782 0.00509474
3 0.649784 0.321912 0.0104278 0.122332 0.00475015
1 0.62478 0.32683 0.0411878 0.163403 0.00461748
1 0.749953 0.760357 0.0876861 0.251257 0.00452211
4 0.749953 0.760357 0.0876861 0.251257 0.00425014
5 0.751952 0.759729 0.0884623 0.248732 0.00413216
4 0.181116 0.709217 0.0677266 0.155028 0.00408408
3 0.749953 0.760357 0.0876861 0.251257 0.00384259
5 0.62478 0.32683 0.0411878 0.163403 0.0038396
2 0.749953 0.760357 0.0876861 0.251257 0.00378872
5 0.181517 0.710863 0.0676178 0.15461 0.00377326
2 0.181116 0.709217 0.0677266 0.155028 0.00375908
3 0.181116 0.709217 0.0677266 0.155028 0.00359195
0 0.9144 0.637954 0.0104939 0.0259705 0.00349349
3 0.62478 0.32683 0.0411878 0.163403 0.00348684
2 0.623808 0.324169 0.0407092 0.161156 0.00339311
2 0.531815 0.661519 0.0323399 0.0741817 0.00328659
0 0.908129 0.646856 0.0113138 0.0329113 0.00289625
4 0.62478 0.32683 0.0411878 0.163403 0.00284811
1 0.531815 0.661519 0.0323399 0.0741817 0.00262527
3 0.531815 0.661519 0.0323399 0.0741817 0.00258051
2 0.62841 0.66811 0.0294308 0.0650939 0.0025503
5 0.531386 0.662006 0.032216 0.0762322 0.00247814
4 0.531701 0.661421 0.0325399 0.0730701 0.00230105
0 0.615536 0.318496 0.0314747 0.18021 0.00226328
0 0.894125 0.641019 0.0180079 0.0464945 0.00225527
0 0.623995 0.681242 0.0490236 0.0991982 0.00214235
1 0.62841 0.66811 0.0294308 0.0650939 0.00211691
4 0.62818 0.669243 0.0291287 0.0653736 0.00185083
0 0.601793 0.325192 0.01725 0.168662 0.00168593
3 0.627876 0.669292 0.0285048 0.0669888 0.00163769
5 0.627876 0.669292 0.0285048 0.0669888 0.00157584
4 0.649784 0.321912 0.0104278 0.122332 0.00153596
0 0.665149 0.339772 0.00935068 0.110013 0.00150449
5 0.650132 0.327076 0.0151092 0.137286 0.00145942
0 0.623021 0.66188 0.0294514 0.0658129 0.00141341
2 0.650132 0.327076 0.0151092 0.137286 0.00102737
0 0.66266 0.327103 0.0142132 0.146269 0.00101979
