0 0.295895 0.698635 0.0554234 0.143467 0.898668
0 0.628268 0.328427 0.0392486 0.157093 0.885588
0 0.0860665 0.689653 0.0536997 0.130137 0.866471
0 0.653971 0.326974 0.0105192 0.125533 0.83357
0 0.561655 0.663747 0.0293663 0.0734375 0.830918
0 0.900492 0.646349 0.0145248 0.0337669 0.519538
0 0.741437 0.777021 0.0736456 0.123777 0.460259
0 0.653766 0.328489 0.0175715 0.140394 0.114063
0 0.656975 0.329399 0.0104897 0.131464 0.0910147
0 0.913694 0.644419 0.0136087 0.0276404 0.0696596
0 0.897657 0.642968 0.0138691 0.0366717 0.0250441
0 0.723713 0.768394 0.107896 0.12779 0.0241551
0 0.91689 0.640665 0.0101324 0.0258291 0.0206961
0 0.916187 0.647366 0.0112619 0.0288469 0.0102482
1 0.653598 0.327315 0.0104253 0.12636 0.00925209
0 0.920466 0.643631 0.0111595 0.0264122 0.00875879
0 0.614211 0.32552 0.0220111 0.16729 0.00515098
1 0.628904 0.329039 0.040205 0.161301 0.00500294
5 0.628904 0.329039 0.040205 0.161301 0.00418526
0 0.744279 0.747188 0.0817511 0.15008 0.00399405
0 0.65217 0.303898 0.00901613 0.0901956 0.00397678
3 0.628904 0.329039 0.040205 0.161301 0.00390857
3 0.653598 0.327315 0.0104253 0.12636 0.0038047
1 0.085901 0.689703 0.0539767 0.131742 0.00376869
2 0.296577 0.697703 0.0546938 0.142079 0.00374713
1 0.296277 0.698565 0.0556338 0.147759 0.00373026
2 0.085901 0.689703 0.0539767 0.131742 0.00366975
0 0.303506 0.712085 0.206451 0.260205 0.00344611
4 0.085901 0.689703 0.0539767 0.131742 0.00337929
2 0.628904 0.329039 0.040205 0.161301 0.003244
4 0.296577 0.697703 0.0546938 0.142079 0.0031561
5 0.296757 0.698729 0.0551001 0.143749 0.00312179
4 0.628904 0.329039 0.040205 0.161301 0.00306045
0 0.703468 0.755683 0.121183 0.117191 0.00286876
5 0.085901 0.689703 0.0539767 0.131742 0.00285414
3 0.085901 0.689703 0.0539767 0.131742 0.00275185
2 0.56192 0.663088 0.0300711 0.0711906 0.00269048
1 0.56192 0.663088 0.0300711 0.0711906 0.00264661
0 0.565407 0.660114 0.0474658 0.0845363 0.00263097
0 0.101605 0.707746 0.20321 0.256177 0.00254222
0 0.653148 0.296383 0.00560598 0.0804202 0.00246487
0 0.917832 0.640235 0.014747 0.0335793 0.0024637
3 0.296577 0.697703 0.0546938 0.142079 0.00243626
2 0.741727 0.777017 0.0782784 0.129758 0.00233313
3 0.56192 0.663088 0.0300711 0.0711906 0.0021543
4 0.561521 0.662911 0.0298069 0.070663 0.00209715
5 0.56192 0.663088 0.0300711 0.0711906 0.0019396
0 0.757919 0.771611 0.0692477 0.124058 0.00183364
1 0.741727 0.777017 0.0782784 0.129758 0.00179199
4 0.741727 0.777017 0.0782784 0.129758 0.00153056
0 0.900679 0.645738 0.0261475 0.041862 0.00149675
0 0.724424 0.747311 0.0815988 0.10921 0.00149315
4 0.653598 0.327315 0.0104253 0.12636 0.00147324
3 0.741727 0.777017 0.0782784 0.129758 0.00146936
0 0.554936 0.669003 0.0286798 0.0713065 0.00146321
0 0.653978 0.153304 0.0101273 0.0477427 0.00145968
0 0.920869 0.642778 0.0162741 0.0346647 0.00144419
5 0.741727 0.777017 0.0782784 0.129758 0.00131801
0 0.748724 0.796057 0.191971 0.241248 0.00125872
0 0.660779 0.340761 0.00888224 0.135408 0.00121712
1 0.900602 0.645788 0.0143774 0.0343942 0.00118572
0 0.670659 0.155527 0.0067812 0.0362259 0.00118529
0 0.602438 0.327777 0.0205186 0.170819 0.00114952
1 0.656975 0.329399 0.0104897 0.131464 0.00110257
1 0.653766 0.328489 0.0175715 0.140394 0.00110081
0 0.725555 0.78869 0.0794961 0.133418 0.00105413
0 0.723371 0.761621 0.0525494 0.0861944 0.00103651
0 0.6673 0.153702 0.00967093 0.0418189 0.00100407
