0 0.734892 0.735697 0.0833947 0.233509 0.894742
0 0.0431641 0.688809 0.0578404 0.145904 0.890572
0 0.627245 0.326918 0.0396035 0.158106 0.888846
0 0.258455 0.700193 0.057154 0.153281 0.888353
0 0.551562 0.663208 0.0325022 0.0763396 0.862955
0 0.653182 0.325225 0.0116741 0.126147 0.828041
0 0.644111 0.673703 0.0246529 0.0588121 0.511117
0 0.900351 0.646964 0.0130955 0.0303832 0.123529
0 0.90633 0.646926 0.0123543 0.0278377 0.0512245
0 0.65742 0.329795 0.00984964 0.133099 0.0459736
0 0.902311 0.644728 0.020719 0.0338756 0.038143
0 0.909529 0.6452 0.0152319 0.0269224 0.0307336
0 0.897534 0.648155 0.0117466 0.0323437 0.0150649
0 0.744497 0.743816 0.155114 0.264445 0.0143252
0 0.652016 0.302305 0.00950441 0.089089 0.00960664
1 0.653109 0.325578 0.010287 0.125429 0.00914164
0 0.644614 0.684452 0.0335385 0.0799088 0.00861786
0 0.615594 0.325182 0.0246696 0.167013 0.00554597
0 0.657693 0.328523 0.0149342 0.149931 0.00552814
0 0.653102 0.29548 0.00630932 0.0831895 0.00496024
1 0.627951 0.327676 0.0404104 0.162379 0.00494542
4 0.734879 0.734635 0.0850729 0.234312 0.00472092
1 0.734879 0.734635 0.0850729 0.234312 0.00431206
5 0.627951 0.327676 0.0404104 0.162379 0.0042007
5 0.735114 0.736977 0.0842627 0.23286 0.00408491
2 0.734879 0.734635 0.0850729 0.234312 0.00408228
3 0.653109 0.325578 0.010287 0.125429 0.00397415
0 0.644257 0.665295 0.0323069 0.0762633 0.00393643
0 0.0742202 0.704014 0.14844 0.249484 0.00390993
0 0.256064 0.712308 0.20263 0.259659 0.00390832
3 0.627951 0.327676 0.0404104 0.162379 0.00389527
1 0.258621 0.699941 0.0568045 0.155525 0.00381017
3 0.734879 0.734635 0.0850729 0.234312 0.00366313
2 0.258254 0.699211 0.0570144 0.152039 0.00360917
1 0.0431641 0.688809 0.0578404 0.145904 0.00353175
0 0.652632 0.327742 0.024239 0.164718 0.00347405
2 0.04405 0.688162 0.0571408 0.144445 0.00343696
2 0.627245 0.326918 0.0396035 0.158106 0.00327537
4 0.04405 0.688162 0.0571408 0.144445 0.00319056
4 0.258621 0.699941 0.0568045 0.155525 0.00314758
4 0.627951 0.327676 0.0404104 0.162379 0.00301256
2 0.551508 0.662736 0.032538 0.074576 0.00298113
5 0.0440964 0.689342 0.0588254 0.143879 0.00290513
5 0.258621 0.699941 0.0568045 0.155525 0.00277436
0 0.898232 0.641888 0.0149794 0.042528 0.00272321
1 0.551677 0.663149 0.0327475 0.0732015 0.00267739
3 0.258621 0.699941 0.0568045 0.155525 0.00261061
0 0.656617 0.146861 0.0107312 0.058605 0.0025199
4 0.551677 0.663149 0.0327475 0.0732015 0.00246761
3 0.04405 0.688162 0.0571408 0.144445 0.00242118
0 0.907959 0.641924 0.016292 0.0403765 0.0023796
0 0.662809 0.340355 0.00836458 0.137859 0.00222073
3 0.551677 0.663149 0.0327475 0.0732015 0.00219317
0 0.670746 0.152144 0.00699053 0.0392037 0.00218915
5 0.551508 0.662736 0.032538 0.074576 0.00194985
0 0.671513 0.152848 0.0112618 0.0570826 0.00185422
0 0.66872 0.149228 0.00881348 0.0467957 0.00180289
0 0.657713 0.143946 0.0152411 0.0702861 0.0014898
4 0.653109 0.325578 0.010287 0.125429 0.00143111
0 0.626481 0.674016 0.042809 0.0796191 0.00129581
0 0.917599 0.639564 0.0109766 0.028433 0.00124613
1 0.6447 0.674044 0.0251396 0.0593817 0.00123054
2 0.6447 0.674044 0.0251396 0.0593817 0.00116383
4 0.644058 0.673254 0.0256066 0.0557991 0.00110792
0 0.654113 0.286514 0.0083972 0.0585642 0.00109432
0 0.916032 0.647992 0.0128662 0.0312169 0.00106995
5 0.653852 0.326368 0.0130863 0.13696 0.00100992
0 0.616277 0.689364 0.0405561 0.0917284 0.00100852
0 0.248728 0.666548 0.052481 0.108683 0.00100795
