0 0.765046 0.770962 0.108544 0.293705 0.91407
0 0.621562 0.321866 0.0403482 0.157709 0.913667
0 0.12644 0.706091 0.0706633 0.17494 0.910275
0 0.615752 0.667006 0.029714 0.0668433 0.837537
0 0.515803 0.660927 0.0326305 0.0779266 0.835934
0 0.648176 0.318855 0.0105622 0.127118 0.789111
0 0.891575 0.643039 0.0112837 0.0323451 0.0810381
0 0.647088 0.299348 0.00898371 0.100169 0.0300494
0 0.902319 0.639768 0.0137224 0.0268528 0.0171678
0 0.89246 0.639811 0.0167376 0.0359027 0.0160879
0 0.906176 0.638249 0.00933514 0.0260157 0.0100126
1 0.647741 0.318231 0.0106308 0.128281 0.00825566
0 0.14099 0.710867 0.161558 0.233991 0.00823407
0 0.648403 0.285196 0.00704088 0.062509 0.00619196
0 0.648844 0.316834 0.0215011 0.158529 0.00570249
1 0.126447 0.705756 0.0716412 0.173719 0.0055032
4 0.126447 0.705756 0.0716412 0.173719 0.00478461
0 0.662792 0.315424 0.0130674 0.130054 0.0046762
5 0.12724 0.706252 0.0721387 0.175416 0.00450484
1 0.621562 0.321866 0.0403482 0.157709 0.00445955
2 0.126447 0.705756 0.0716412 0.173719 0.0044549
0 0.909198 0.638745 0.0113594 0.0276382 0.00440659
5 0.766207 0.76902 0.107974 0.283222 0.00424527
3 0.126447 0.705756 0.0716412 0.173719 0.00422717
0 0.666448 0.141825 0.00659685 0.0442806 0.0040264
1 0.765278 0.770493 0.108353 0.28556 0.00396582
4 0.766207 0.76902 0.107974 0.283222 0.00391102
2 0.765278 0.770493 0.108353 0.28556 0.0037059
3 0.766207 0.76902 0.107974 0.283222 0.00361506
3 0.621327 0.322244 0.0404011 0.159217 0.00361285
5 0.622961 0.324621 0.0417657 0.157802 0.003528
0 0.620752 0.678242 0.0381966 0.0793618 0.00350861
3 0.647741 0.318231 0.0106308 0.128281 0.0034222
2 0.621562 0.321866 0.0403482 0.157709 0.00333706
0 0.647503 0.29953 0.0137527 0.115841 0.00329329
2 0.51597 0.661214 0.0343958 0.0757121 0.00319921
2 0.616292 0.666457 0.0310582 0.0643475 0.00307933
1 0.516388 0.661147 0.0334205 0.0760085 0.00283265
0 0.902953 0.638343 0.0181944 0.0338622 0.00272499
4 0.622961 0.324621 0.0417657 0.157802 0.00267774
4 0.516388 0.661147 0.0334205 0.0760085 0.00255792
3 0.516388 0.661147 0.0334205 0.0760085 0.00241318
1 0.616818 0.666324 0.0308052 0.0646798 0.00230529
5 0.516388 0.661147 0.0334205 0.0760085 0.00230371
4 0.615779 0.667252 0.0303372 0.0633969 0.00219863
0 0.663411 0.314899 0.00839472 0.118563 0.00199296
3 0.616818 0.666324 0.0308052 0.0646798 0.00178303
5 0.616818 0.666324 0.0308052 0.0646798 0.00170843
0 0.651253 0.335661 0.0108008 0.154906 0.00167302
0 0.619546 0.666874 0.0496172 0.0836457 0.00140733
4 0.647741 0.318231 0.0106308 0.128281 0.00116885
0 0.907027 0.637417 0.0149652 0.0361943 0.00108989
