0 0.733381 0.732644 0.0795537 0.223328 0.898378
0 0.26312 0.69996 0.0561446 0.153168 0.896531
0 0.627157 0.327006 0.0399075 0.158533 0.890702
0 0.0487759 0.690069 0.0574822 0.141866 0.88298
0 0.552901 0.662172 0.0309227 0.0760579 0.847331
0 0.653662 0.325495 0.0107355 0.125638 0.836644
0 0.89992 0.646857 0.0135162 0.03121 0.298624
0 0.905867 0.646654 0.0127161 0.0277751 0.109987
0 0.901753 0.645221 0.020668 0.0336611 0.0831845
0 0.908875 0.645528 0.0141659 0.0277894 0.0650762
0 0.657217 0.329597 0.0101727 0.133095 0.0584409
0 0.897779 0.642754 0.0128538 0.0354256 0.015349
0 0.744061 0.740901 0.155536 0.2625 0.0126811
1 0.653349 0.325953 0.0106408 0.126217 0.00854183
0 0.652187 0.303133 0.00946102 0.0920308 0.00636914
0 0.615466 0.325131 0.0251564 0.167778 0.00520359
1 0.627829 0.327838 0.0407126 0.16288 0.00495072
4 0.733943 0.731788 0.0838882 0.229558 0.00481271
1 0.733943 0.731788 0.0838882 0.229558 0.00441318
5 0.627829 0.327838 0.0407126 0.16288 0.00422031
2 0.733943 0.731788 0.0838882 0.229558 0.00414146
5 0.734094 0.733977 0.0830765 0.228471 0.00406534
0 0.653206 0.295491 0.00608244 0.0844285 0.00403264
0 0.652773 0.327881 0.0241526 0.16479 0.00395061
1 0.0490289 0.690083 0.0576034 0.143879 0.00387987
3 0.627829 0.327838 0.0407126 0.16288 0.00387795
3 0.653349 0.325953 0.0106408 0.126217 0.00385848
0 0.282797 0.710957 0.195288 0.246936 0.00385708
0 0.077228 0.705768 0.154456 0.254019 0.00377512
3 0.733943 0.731788 0.0838882 0.229558 0.0036956
2 0.263031 0.698581 0.0567776 0.150122 0.00363872
1 0.26312 0.69996 0.0561446 0.153168 0.00361127
2 0.0489384 0.689626 0.0565535 0.139835 0.00353811
2 0.627157 0.327006 0.0399075 0.158533 0.00331671
4 0.26312 0.69996 0.0561446 0.153168 0.00311432
4 0.0489384 0.689626 0.0565535 0.139835 0.00309859
4 0.627829 0.327838 0.0407126 0.16288 0.00301703
2 0.552846 0.662235 0.0317383 0.0740101 0.00299693
5 0.0485116 0.691269 0.0578047 0.140092 0.00295626
5 0.26312 0.69996 0.0561446 0.153168 0.00278027
3 0.0490289 0.690083 0.0576034 0.143879 0.00273251
0 0.896985 0.643058 0.0188637 0.0464792 0.00268547
3 0.263031 0.698581 0.0567776 0.150122 0.00266929
1 0.552802 0.662409 0.0321029 0.0728967 0.00262588
4 0.552802 0.662409 0.0321029 0.0728967 0.00244984
0 0.557357 0.661573 0.0482259 0.0870527 0.00239937
3 0.552846 0.662235 0.0317383 0.0740101 0.00226296
0 0.662174 0.340402 0.00849924 0.135337 0.00222878
0 0.656146 0.147257 0.0107441 0.0578726 0.00221052
5 0.552846 0.662235 0.0317383 0.0740101 0.00202005
0 0.670762 0.152479 0.00688782 0.0384458 0.0017632
0 0.916159 0.639993 0.0109617 0.0279641 0.00171459
0 0.915133 0.647911 0.0126133 0.0309074 0.00159678
0 0.668682 0.149607 0.00860672 0.0461793 0.00159045
0 0.671594 0.153245 0.011301 0.057954 0.00150173
4 0.653349 0.325953 0.0106408 0.126217 0.00142783
0 0.65739 0.143814 0.0156733 0.0713903 0.00127541
0 0.734479 0.740813 0.0588296 0.13202 0.0012047
0 0.602502 0.326921 0.0211383 0.171469 0.00117016
0 0.628698 0.32881 0.0616072 0.177186 0.00105633
5 0.654053 0.326517 0.013256 0.137703 0.00105015
