0 0.627887 0.32769 0.0394446 0.157193 0.888162
0 0.286443 0.703483 0.0552276 0.137434 0.885113
0 0.0753879 0.69034 0.0559924 0.135283 0.86684
0 0.65396 0.326586 0.0107142 0.125294 0.840034
0 0.559295 0.664091 0.0284594 0.0727521 0.839804
0 0.739163 0.77801 0.0813832 0.128178 0.573897
0 0.900969 0.646832 0.0140629 0.032743 0.368126
0 0.904344 0.646764 0.0140171 0.0299439 0.177405
0 0.654247 0.328001 0.0164863 0.139972 0.0920789
0 0.657025 0.329678 0.0105205 0.131433 0.0872009
0 0.897664 0.647744 0.0123726 0.0323124 0.0679743
0 0.910441 0.645339 0.0149004 0.0277985 0.0592433
0 0.723172 0.763598 0.104039 0.137945 0.0352876
0 0.901039 0.644984 0.01775 0.0444513 0.013389
1 0.653621 0.327045 0.0106565 0.12591 0.00885408
0 0.916166 0.640373 0.0108463 0.0276488 0.00542031
1 0.628523 0.328342 0.0403655 0.161486 0.00498669
0 0.915618 0.647612 0.0120848 0.0296666 0.00484895
0 0.614607 0.325292 0.0234252 0.167392 0.00472136
5 0.628523 0.328342 0.0403655 0.161486 0.00417662
0 0.700603 0.751348 0.115024 0.11838 0.00407029
0 0.652102 0.303759 0.00924406 0.0918072 0.00399914
1 0.0755445 0.690214 0.0560585 0.136138 0.00396288
0 0.653069 0.328568 0.0245648 0.164213 0.00393076
3 0.628523 0.328342 0.0403655 0.161486 0.00389308
3 0.653621 0.327045 0.0106565 0.12591 0.00385555
1 0.286576 0.703068 0.0548612 0.139212 0.00380011
2 0.0755445 0.690214 0.0560585 0.136138 0.00354809
2 0.286814 0.703089 0.0555434 0.136797 0.00353979
0 0.0964509 0.708299 0.192902 0.245197 0.00350244
0 0.299504 0.714551 0.202708 0.255147 0.00333905
2 0.628523 0.328342 0.0403655 0.161486 0.00325095
4 0.286576 0.703068 0.0548612 0.139212 0.0032501
4 0.0752549 0.69017 0.0559586 0.133435 0.00312485
5 0.286818 0.70313 0.0560271 0.140949 0.00306037
4 0.628523 0.328342 0.0403655 0.161486 0.00303689
0 0.653105 0.295752 0.00578728 0.0819795 0.00294223
2 0.559633 0.662979 0.0296516 0.071035 0.00294026
2 0.739138 0.777505 0.0848446 0.133914 0.00292282
3 0.0755445 0.690214 0.0560585 0.136138 0.00277996
5 0.0755445 0.690214 0.0560585 0.136138 0.00273337
3 0.2868 0.704356 0.0550366 0.139088 0.00262424
1 0.559633 0.662979 0.0296516 0.071035 0.00258552
0 0.920544 0.643548 0.0116579 0.0285884 0.00237726
3 0.559633 0.662979 0.0296516 0.071035 0.0023092
5 0.55931 0.663517 0.0288203 0.0743107 0.00209347
4 0.559633 0.662979 0.0296516 0.071035 0.00207562
1 0.739138 0.777505 0.0848446 0.133914 0.00206274
0 0.747696 0.795086 0.183284 0.236288 0.00197281
4 0.739138 0.777505 0.0848446 0.133914 0.00196552
0 0.562507 0.660044 0.04744 0.0843814 0.00173698
3 0.739138 0.777505 0.0848446 0.133914 0.00167736
0 0.740095 0.736026 0.0790677 0.152734 0.00157555
5 0.739138 0.777505 0.0848446 0.133914 0.00151945
0 0.661322 0.340558 0.00882111 0.135048 0.00147051
0 0.670654 0.15512 0.00662947 0.0377573 0.0014615
4 0.653621 0.327045 0.0106565 0.12591 0.00145245
0 0.721249 0.765521 0.0535728 0.106525 0.00140746
0 0.654863 0.15136 0.0101806 0.0521683 0.00127655
0 0.602336 0.327493 0.020962 0.170783 0.00120491
0 0.667674 0.152667 0.00937662 0.043689 0.00120062
0 0.671465 0.155561 0.0114137 0.0590714 0.00118913
0 0.751298 0.767598 0.0551365 0.114463 0.00118204
0 0.753472 0.765873 0.0798731 0.137954 0.00109063
5 0.654459 0.327147 0.0132105 0.136352 0.00101798
