0 0.758004 0.766534 0.099876 0.276863 0.914457
0 0.622679 0.323271 0.0401495 0.158522 0.913901
0 0.15174 0.705696 0.066167 0.16733 0.903266
0 0.522869 0.661966 0.031804 0.0790979 0.843168
0 0.62154 0.668899 0.0271425 0.0686111 0.840705
0 0.64931 0.321057 0.0103333 0.124649 0.791135
0 0.892483 0.642004 0.0146484 0.0357313 0.225105
0 0.902599 0.64105 0.015019 0.0277608 0.030051
0 0.648029 0.302456 0.00876322 0.100252 0.0221376
0 0.907736 0.638939 0.00923538 0.0266097 0.0167296
0 0.756458 0.772328 0.155518 0.296827 0.0139627
1 0.648794 0.32026 0.0105685 0.127679 0.00916361
0 0.91023 0.639221 0.0138252 0.0322339 0.00887037
0 0.153344 0.711659 0.171388 0.242659 0.00668432
0 0.524322 0.656194 0.0459217 0.0921378 0.00613109
0 0.649456 0.319603 0.0214445 0.160896 0.00546615
0 0.648648 0.284731 0.00697994 0.0601984 0.0049833
1 0.151783 0.705322 0.0690862 0.168209 0.00468593
1 0.622679 0.323271 0.0401495 0.158522 0.00458696
5 0.75808 0.766517 0.0984708 0.271167 0.00435576
2 0.151783 0.705322 0.0690862 0.168209 0.00417668
5 0.151783 0.705322 0.0690862 0.168209 0.0041527
1 0.757376 0.767922 0.099993 0.272525 0.00409827
4 0.151783 0.705322 0.0690862 0.168209 0.00406117
4 0.757376 0.767922 0.099993 0.272525 0.00401816
2 0.757376 0.767922 0.099993 0.272525 0.00396201
3 0.649328 0.319312 0.00942011 0.124568 0.00392323
5 0.62382 0.325693 0.0409055 0.159987 0.00382709
3 0.151783 0.705322 0.0690862 0.168209 0.00379413
3 0.75808 0.766517 0.0984708 0.271167 0.00374165
3 0.622167 0.323049 0.0403291 0.160214 0.00350387
2 0.622679 0.323271 0.0401495 0.158522 0.00336215
0 0.648397 0.30499 0.0139059 0.12723 0.00317327
4 0.62382 0.325693 0.0409055 0.159987 0.00283153
2 0.523375 0.661821 0.0321213 0.0755068 0.00281139
2 0.62219 0.667637 0.0295579 0.0654711 0.00279751
1 0.523477 0.661969 0.0322257 0.0755071 0.00277145
4 0.522702 0.662048 0.0314329 0.074169 0.00254412
1 0.622191 0.66805 0.030051 0.065079 0.00244755
0 0.624204 0.677507 0.0389512 0.10029 0.00239112
4 0.621367 0.668756 0.0295075 0.0641924 0.00237856
0 0.661761 0.316035 0.0111529 0.122568 0.00233085
0 0.663777 0.326277 0.0100224 0.130432 0.00224373
3 0.523477 0.661969 0.0322257 0.0755071 0.00203995
0 0.912697 0.63583 0.0101744 0.0277558 0.00203384
5 0.523477 0.661969 0.0322257 0.0755071 0.00195297
3 0.622191 0.66805 0.030051 0.065079 0.00174131
5 0.621607 0.669028 0.027521 0.0675728 0.00173805
4 0.648794 0.32026 0.0105685 0.127679 0.00131798
0 0.651426 0.334912 0.0132284 0.15078 0.00126827
0 0.667249 0.143595 0.00680714 0.0472235 0.00124703
5 0.649552 0.325631 0.0144536 0.135685 0.00109816
0 0.662359 0.315652 0.00658302 0.114448 0.00107499
0 0.913271 0.635446 0.0136694 0.035946 0.00107388
