0 0.629253 0.329957 0.0399498 0.156297 0.887852
0 0.348484 0.694184 0.0517045 0.1336 0.878001
0 0.148659 0.685766 0.0523624 0.127101 0.865673
0 0.577151 0.66129 0.0276412 0.068409 0.842165
0 0.65506 0.327768 0.0107965 0.123544 0.836082
0 0.751655 0.771238 0.0524599 0.129349 0.766638
0 0.901677 0.645709 0.0144512 0.0335076 0.588112
0 0.651466 0.330332 0.0202063 0.139144 0.303094
0 0.917468 0.643514 0.0114384 0.0275658 0.215509
0 0.0164063 0.830179 0.0328126 0.277618 0.132691
0 0.895057 0.64743 0.0125526 0.0325572 0.0864765
0 0.920425 0.643892 0.0107641 0.0245503 0.072344
0 0.0149744 0.888532 0.0299488 0.163524 0.0241731
0 0.752003 0.742957 0.0607871 0.174752 0.0162457
0 0.892386 0.646842 0.00985565 0.0360235 0.0117178
0 0.92076 0.643576 0.0144608 0.0311606 0.0110492
0 0.657646 0.324013 0.0099349 0.126377 0.00722047
1 0.654766 0.328359 0.0108396 0.125297 0.00677057
0 0.613612 0.326367 0.0182297 0.165647 0.00573285
1 0.629768 0.330428 0.0410442 0.160832 0.00503105
5 0.629768 0.330428 0.0410442 0.160832 0.00412839
1 0.348786 0.693929 0.0516364 0.138188 0.00409167
2 0.149012 0.685267 0.051933 0.125204 0.00400436
2 0.348745 0.693094 0.0511972 0.133451 0.00399195
1 0.149244 0.685871 0.0525452 0.127775 0.0038517
3 0.629768 0.330428 0.0410442 0.160832 0.00383761
1 0.752384 0.770396 0.0552033 0.13503 0.00343121
3 0.654766 0.328359 0.0108396 0.125297 0.00335967
4 0.149012 0.685267 0.051933 0.125204 0.00330445
2 0.752384 0.770396 0.0552033 0.13503 0.00330093
2 0.629768 0.330428 0.0410442 0.160832 0.00324447
0 0.895871 0.643341 0.0173048 0.0447919 0.00321342
4 0.629768 0.330428 0.0410442 0.160832 0.00312099
4 0.348745 0.693094 0.0511972 0.133451 0.00310799
5 0.34877 0.69424 0.05156 0.1356 0.0030989
3 0.752384 0.770396 0.0552033 0.13503 0.00287686
5 0.149123 0.685942 0.0519864 0.126508 0.00278881
3 0.149244 0.685871 0.0525452 0.127775 0.00276563
4 0.752384 0.770396 0.0552033 0.13503 0.00273334
3 0.348786 0.693929 0.0516364 0.138188 0.00271041
5 0.752384 0.770396 0.0552033 0.13503 0.00259727
2 0.577179 0.660572 0.0287441 0.067376 0.00259296
0 0.753367 0.749952 0.218996 0.267608 0.0024771
0 0.354883 0.711146 0.223969 0.272887 0.00246607
0 0.155461 0.706521 0.223754 0.271546 0.00223496
1 0.577179 0.660572 0.0287441 0.067376 0.00219322
4 0.576945 0.661293 0.0281358 0.0676832 0.00208817
0 0.923941 0.638143 0.0101177 0.0261654 0.00192102
3 0.577179 0.660572 0.0287441 0.067376 0.00191562
0 0.63046 0.331525 0.0621441 0.172511 0.00191559
0 0.654721 0.30341 0.00674114 0.0809045 0.00190448
5 0.577066 0.661572 0.0286016 0.0687681 0.00179946
3 0.0152512 0.80526 0.0305025 0.3413 0.00170298
0 0.892457 0.645878 0.0147793 0.0423158 0.00169229
0 0.766279 0.760261 0.0614022 0.129929 0.00154672
1 0.901739 0.645035 0.0143196 0.0353728 0.00153168
4 0.654766 0.328359 0.0108396 0.125297 0.00150278
0 0.576347 0.67241 0.0474916 0.0959493 0.00147883
1 0.651251 0.330508 0.0236152 0.140663 0.0013954
0 0.73816 0.301215 0.0254549 0.0882221 0.00132612
0 0.90217 0.646097 0.0257147 0.0415345 0.0012728
1 0.917468 0.643514 0.0114384 0.0275658 0.00122996
0 0.737333 0.299473 0.0188103 0.0661122 0.00109437
0 0.0147075 0.927803 0.0294149 0.0994736 0.00100159
5 0.655519 0.328758 0.0130368 0.135167 0.00100027
