0 0.736668 0.754391 0.0885096 0.245254 0.909255
0 0.210263 0.704142 0.0610856 0.1574 0.903254
0 0.625672 0.32534 0.0402624 0.160982 0.888966
0 0.538586 0.663106 0.0308155 0.0752958 0.845708
0 0.65114 0.323085 0.0113313 0.130924 0.819642
0 0.63443 0.670884 0.0258812 0.0617892 0.812009
0 0.010147 0.7024 0.0202941 0.121494 0.68072
0 0.0127932 0.67599 0.0255864 0.177047 0.131655
0 0.895693 0.643602 0.0115042 0.0313404 0.0991132
0 0.909161 0.642523 0.012785 0.0278417 0.0558479
0 0.902578 0.643311 0.0189884 0.029315 0.0480673
0 0.00902042 0.718744 0.0164453 0.0749988 0.0456522
0 0.744184 0.763697 0.154848 0.27254 0.0153853
0 0.909735 0.641363 0.0167685 0.0359428 0.00908838
1 0.651158 0.322494 0.0101734 0.126608 0.00865186
0 0.64986 0.3046 0.00898323 0.125003 0.00838112
0 0.658721 0.327978 0.0100913 0.138187 0.00570881
0 0.651049 0.326257 0.022923 0.167035 0.00562005
0 0.205937 0.712758 0.187049 0.247102 0.00500215
0 0.897126 0.641591 0.0153231 0.0407104 0.00485195
1 0.62644 0.326569 0.0406611 0.164716 0.00482057
4 0.736454 0.754185 0.0899573 0.243024 0.00452912
1 0.736454 0.754185 0.0899573 0.243024 0.00439405
3 0.651158 0.322494 0.0101734 0.126608 0.00435899
1 0.010147 0.7024 0.0202941 0.121494 0.00417759
5 0.62644 0.326569 0.0406611 0.164716 0.00412452
5 0.73601 0.75516 0.0896869 0.242879 0.00393901
0 0.650158 0.303647 0.00627956 0.107041 0.00389945
2 0.736454 0.754185 0.0899573 0.243024 0.00383404
0 0.0159956 0.719032 0.0316388 0.133003 0.00381086
3 0.626235 0.326098 0.0407364 0.164611 0.00380602
2 0.538957 0.661594 0.0330166 0.0729601 0.00378631
3 0.736454 0.754185 0.0899573 0.243024 0.00368705
1 0.209618 0.702841 0.0668169 0.158579 0.00360638
2 0.625672 0.32534 0.0402624 0.160982 0.00338707
4 0.210072 0.70256 0.0661072 0.157925 0.0033184
0 0.615612 0.324257 0.0299589 0.167722 0.00328826
2 0.210072 0.70256 0.0661072 0.157925 0.00328691
3 0.210072 0.70256 0.0661072 0.157925 0.00305288
5 0.209618 0.702841 0.0668169 0.158579 0.00302631
4 0.62644 0.326569 0.0406611 0.164716 0.00291657
1 0.539113 0.66216 0.0309367 0.0730714 0.00283284
2 0.634487 0.670008 0.0278986 0.0601341 0.00238144
3 0.539113 0.66216 0.0309367 0.0730714 0.00237771
0 0.536578 0.65308 0.0470275 0.0895936 0.00234872
4 0.539113 0.66216 0.0309367 0.0730714 0.00234594
0 0.020606 0.682396 0.0412119 0.166327 0.00223571
5 0.539113 0.66216 0.0309367 0.0730714 0.00213164
2 0.00953237 0.707395 0.0190647 0.111462 0.00212696
0 0.657119 0.142313 0.0126151 0.0546368 0.00207034
0 0.00906022 0.736146 0.0181204 0.0745287 0.00204779
1 0.634487 0.670008 0.0278986 0.0601341 0.00192425
3 0.010147 0.7024 0.0202941 0.121494 0.00173249
5 0.63443 0.670884 0.0258812 0.0617892 0.00166777
0 0.892802 0.646603 0.0119001 0.036245 0.00162666
4 0.634664 0.67048 0.025603 0.0594156 0.00155686
4 0.651158 0.322494 0.0101734 0.126608 0.0014906
5 0.010147 0.7024 0.0202941 0.121494 0.00146835
0 0.646772 0.686559 0.0331951 0.0849065 0.00144235
3 0.634487 0.670008 0.0278986 0.0601341 0.00144165
4 0.010147 0.7024 0.0202941 0.121494 0.00143778
0 0.66202 0.139439 0.0140795 0.0538977 0.00127968
0 0.632127 0.679619 0.0362803 0.099123 0.00115268
5 0.651918 0.325637 0.0139231 0.142813 0.00114282
