0 0.628809 0.329287 0.0397341 0.157817 0.887404
0 0.119944 0.688362 0.0530942 0.130216 0.880015
0 0.324958 0.697826 0.0524913 0.135958 0.879728
0 0.654443 0.327289 0.0102609 0.124882 0.835687
0 0.570237 0.66221 0.0280784 0.0712198 0.817126
0 0.75133 0.763314 0.0583485 0.118284 0.694549
0 0.900755 0.645729 0.0143875 0.0335304 0.556386
0 0.65315 0.329113 0.0164761 0.138041 0.277287
0 0.916541 0.643303 0.0118137 0.0283667 0.138718
0 0.896661 0.647128 0.0125816 0.03141 0.128321
0 0.656982 0.32895 0.0100893 0.131253 0.119913
0 0.920131 0.643775 0.0107431 0.0257617 0.0336879
0 0.754083 0.729582 0.0660373 0.180869 0.00956211
1 0.654071 0.327729 0.0101949 0.126353 0.00857563
0 0.896955 0.643681 0.0177326 0.0446069 0.00702478
0 0.613655 0.325404 0.0203816 0.16719 0.00647491
0 0.8927 0.64698 0.010533 0.0364206 0.00586837
0 0.920489 0.643393 0.0148071 0.0335938 0.00528174
1 0.629355 0.329798 0.0407673 0.161959 0.00502955
1 0.325152 0.697668 0.0520228 0.140227 0.00429204
0 0.652929 0.30396 0.00893593 0.0904428 0.00423607
5 0.629355 0.329798 0.0407673 0.161959 0.00414027
3 0.629355 0.329798 0.0407673 0.161959 0.00385461
2 0.324797 0.696935 0.0525603 0.137059 0.00371662
2 0.120121 0.688495 0.053939 0.129849 0.00366416
3 0.654071 0.327729 0.0101949 0.126353 0.00358597
1 0.120456 0.688348 0.0539071 0.131057 0.00344042
0 0.653202 0.330289 0.025142 0.16777 0.00338073
4 0.120121 0.688495 0.053939 0.129849 0.00325168
2 0.629355 0.329798 0.0407673 0.161959 0.00321075
2 0.7524 0.764804 0.0594442 0.114511 0.00319818
4 0.629355 0.329798 0.0407673 0.161959 0.00307043
0 0.343492 0.713724 0.212235 0.257883 0.00299693
0 0.140155 0.708838 0.210325 0.252852 0.00288088
4 0.324797 0.696935 0.0525603 0.137059 0.00287397
3 0.324797 0.696935 0.0525603 0.137059 0.00280766
5 0.325152 0.697668 0.0520228 0.140227 0.0027473
2 0.57065 0.662463 0.0294117 0.0674552 0.00272364
1 0.7524 0.764804 0.0594442 0.114511 0.00271289
1 0.57072 0.662426 0.0292994 0.0672248 0.002629
3 0.120121 0.688495 0.053939 0.129849 0.00256869
3 0.7524 0.764804 0.0594442 0.114511 0.00248612
5 0.119944 0.688362 0.0530942 0.130216 0.00247594
4 0.569986 0.663055 0.0283708 0.0671854 0.00238469
5 0.75278 0.761524 0.0587516 0.118386 0.0023039
0 0.114144 0.669249 0.228288 0.283015 0.00229056
4 0.7524 0.764804 0.0594442 0.114511 0.00226825
5 0.570096 0.662692 0.0284488 0.0706903 0.00217444
3 0.57072 0.662426 0.0292994 0.0672248 0.00195989
0 0.653871 0.161091 0.00891418 0.0484192 0.00192706
0 0.754094 0.743402 0.221338 0.273472 0.00175974
0 0.766052 0.759854 0.0698744 0.122593 0.00164821
0 0.629915 0.331103 0.0619039 0.174163 0.00163201
1 0.656982 0.32895 0.0100893 0.131253 0.00162565
0 0.729561 0.772266 0.0528831 0.112135 0.00153217
4 0.654071 0.327729 0.0101949 0.126353 0.0014953
0 0.653967 0.295695 0.00543757 0.0781248 0.00148719
1 0.900827 0.645096 0.0142708 0.0350242 0.00147805
0 0.671544 0.161895 0.00699406 0.0487993 0.0013912
1 0.652884 0.329502 0.0201789 0.140684 0.00125181
0 0.311332 0.678114 0.233015 0.286983 0.00118504
0 0.902571 0.643043 0.0253832 0.0408923 0.00117519
0 0.892758 0.646107 0.0160751 0.0429111 0.00100255
