0 0.113799 0.708254 0.0671551 0.172133 0.919289
0 0.620824 0.322459 0.0425445 0.158166 0.916659
0 0.775822 0.770804 0.104423 0.289985 0.872453
0 0.512387 0.662419 0.032937 0.0792739 0.847543
0 0.612736 0.666732 0.0297167 0.0677241 0.845495
0 0.64743 0.318731 0.0105594 0.126564 0.781032
0 0.892056 0.64109 0.0141685 0.0323822 0.0327128
0 0.646532 0.297467 0.00838747 0.0998264 0.0214716
0 0.646638 0.294505 0.00644798 0.0773816 0.0121501
0 0.769571 0.774204 0.160822 0.315519 0.0112718
0 0.665028 0.317652 0.012052 0.125585 0.0105642
1 0.64715 0.318176 0.0105181 0.128165 0.00986471
0 0.901182 0.639657 0.0141527 0.0259987 0.00894703
0 0.648019 0.285792 0.00858908 0.074743 0.00825023
0 0.105005 0.693774 0.180542 0.258569 0.00715211
0 0.648247 0.316075 0.0213266 0.157852 0.00513652
1 0.113419 0.707256 0.0697557 0.171739 0.00474629
4 0.113283 0.707489 0.0698991 0.17155 0.00453506
1 0.620756 0.321213 0.0415364 0.157146 0.00439536
5 0.776384 0.770076 0.10559 0.291505 0.00425192
2 0.113283 0.707489 0.0698991 0.17155 0.00424227
1 0.776814 0.770091 0.107653 0.292498 0.00417711
3 0.113283 0.707489 0.0698991 0.17155 0.00406933
5 0.113419 0.707256 0.0697557 0.171739 0.00405666
4 0.776127 0.770424 0.105362 0.290751 0.00388291
0 0.906239 0.637943 0.00946293 0.0258904 0.00388132
3 0.64715 0.318176 0.0105181 0.128165 0.00373554
3 0.776127 0.770424 0.105362 0.290751 0.003651
3 0.620665 0.321759 0.0414704 0.158718 0.00360664
2 0.776127 0.770424 0.105362 0.290751 0.00355875
0 0.62121 0.678543 0.0387096 0.0796963 0.00353676
2 0.513612 0.660565 0.0351653 0.0763204 0.00333422
2 0.620756 0.321213 0.0415364 0.157146 0.00331924
5 0.622274 0.324335 0.0434722 0.156789 0.0031405
2 0.613676 0.665715 0.0323276 0.0667942 0.00303453
1 0.513076 0.660933 0.0326655 0.0769645 0.00279911
4 0.620756 0.321213 0.0415364 0.157146 0.00261746
0 0.617303 0.664688 0.0485882 0.082692 0.00259471
1 0.613403 0.666087 0.0308286 0.0661709 0.00238678
0 0.600471 0.676582 0.0364202 0.0804414 0.0023544
3 0.513076 0.660933 0.0326655 0.0769645 0.00232561
4 0.513076 0.660933 0.0326655 0.0769645 0.00224236
5 0.513076 0.660933 0.0326655 0.0769645 0.00218654
0 0.906775 0.637764 0.0124012 0.0337906 0.00209421
4 0.612923 0.666777 0.0304644 0.0650395 0.00207553
0 0.909161 0.638973 0.0115294 0.0291072 0.00200904
0 0.646989 0.297317 0.0135003 0.113535 0.00189653
3 0.613403 0.666087 0.0308286 0.0661709 0.00181232
5 0.613403 0.666087 0.0308286 0.0661709 0.00171667
0 0.665459 0.32324 0.00743275 0.120971 0.00164647
0 0.665729 0.142806 0.00617886 0.0453798 0.00158022
0 0.901877 0.638472 0.0196253 0.0346402 0.00157638
0 0.652207 0.335584 0.0113528 0.15924 0.00144871
0 0.67096 0.326017 0.0120577 0.0850026 0.0014039
4 0.64692 0.318183 0.0103062 0.129248 0.00117846
0 0.666333 0.143551 0.0089427 0.0547462 0.00109492
