0 0.628255 0.328273 0.0392213 0.157872 0.88712
0 0.304205 0.697163 0.0549971 0.144299 0.88388
0 0.0953582 0.689021 0.0549164 0.134358 0.881765
0 0.653965 0.327336 0.0106113 0.126029 0.834892
0 0.563766 0.662484 0.0293521 0.0729368 0.830331
0 0.900548 0.646322 0.0144629 0.0337425 0.556107
0 0.752474 0.771942 0.0569108 0.11574 0.471796
0 0.653866 0.328687 0.0174127 0.140429 0.118664
0 0.656953 0.329564 0.0106133 0.131343 0.0949318
0 0.915287 0.644465 0.0128214 0.027633 0.0862498
0 0.917175 0.640986 0.0101921 0.0254995 0.0298936
0 0.897491 0.643024 0.013562 0.0361417 0.024051
0 0.92036 0.644291 0.0108568 0.0256451 0.0159597
0 0.720967 0.756853 0.110659 0.118618 0.0115741
0 0.738296 0.771624 0.0903858 0.131266 0.011102
1 0.653598 0.327734 0.0105267 0.126759 0.00930459
0 0.614133 0.325542 0.0217496 0.167669 0.00514605
1 0.628879 0.328876 0.0401834 0.161988 0.0050102
1 0.304322 0.697133 0.0548508 0.147559 0.00421159
5 0.628879 0.328876 0.0401834 0.161988 0.00416208
2 0.304109 0.696703 0.0545535 0.142407 0.00395052
3 0.628879 0.328876 0.0401834 0.161988 0.00388557
3 0.653598 0.327734 0.0105267 0.126759 0.00388276
0 0.652953 0.329684 0.0248048 0.166419 0.0038047
2 0.0961484 0.688105 0.0538917 0.131912 0.00357513
2 0.563996 0.661484 0.0323227 0.0707701 0.0035427
1 0.0953582 0.689021 0.0549164 0.134358 0.00348197
0 0.918178 0.64058 0.014473 0.0327161 0.00342624
0 0.653338 0.303172 0.00682774 0.0840635 0.00338752
0 0.305424 0.711774 0.211377 0.263552 0.00334408
4 0.304109 0.696703 0.0545535 0.142407 0.00326364
2 0.628879 0.328876 0.0401834 0.161988 0.00322283
4 0.0961484 0.688105 0.0538917 0.131912 0.00308675
4 0.628879 0.328876 0.0401834 0.161988 0.00303
5 0.304322 0.697133 0.0548508 0.147559 0.0030045
0 0.742239 0.73633 0.0702442 0.122882 0.00291071
0 0.104602 0.706738 0.209205 0.259316 0.00286561
3 0.304322 0.697133 0.0548508 0.147559 0.00278175
1 0.564295 0.662357 0.0304798 0.0710753 0.00268256
5 0.0965225 0.689075 0.0542903 0.131863 0.00266853
2 0.752661 0.772111 0.0568826 0.114515 0.00244658
0 0.76009 0.744355 0.0531853 0.134288 0.00242735
3 0.0958987 0.689124 0.0558202 0.135811 0.00242603
0 0.566975 0.658848 0.0476348 0.0827885 0.00241271
1 0.752661 0.772111 0.0568826 0.114515 0.00224867
4 0.563572 0.662463 0.0297297 0.0703681 0.00223803
3 0.564295 0.662357 0.0304798 0.0710753 0.00223615
3 0.752661 0.772111 0.0568826 0.114515 0.00213099
0 0.701441 0.743832 0.119234 0.107645 0.00211062
5 0.564295 0.662357 0.0304798 0.0710753 0.00200813
4 0.752661 0.772111 0.0568826 0.114515 0.00186561
5 0.752661 0.772111 0.0568826 0.114515 0.00165731
0 0.670644 0.156131 0.00671511 0.0364688 0.00157362
4 0.653598 0.327734 0.0105267 0.126759 0.0014865
0 0.892845 0.648039 0.0120176 0.0402669 0.00148122
0 0.900683 0.645948 0.025952 0.0416786 0.00144918
1 0.900642 0.645756 0.0143213 0.034602 0.00127975
0 0.654576 0.159797 0.00893755 0.0455937 0.00125463
0 0.671971 0.161415 0.00626011 0.0482873 0.00125404
0 0.671479 0.156396 0.0117884 0.0592397 0.00123803
0 0.602496 0.328084 0.0203201 0.170946 0.00119351
1 0.653866 0.328687 0.0174127 0.140429 0.00115834
1 0.656953 0.329564 0.0106133 0.131343 0.00114589
0 0.660672 0.340833 0.00876265 0.135361 0.00109023
0 0.693678 0.731638 0.0882124 0.0938933 0.00100822
