0 0.628917 0.329364 0.0400225 0.157884 0.889884
0 0.337274 0.698625 0.0522535 0.130333 0.88662
0 0.135238 0.687029 0.0517735 0.123708 0.875485
0 0.573681 0.662867 0.0282598 0.0694576 0.832523
0 0.654684 0.327783 0.0103757 0.12354 0.82889
0 0.75037 0.774057 0.0581378 0.136574 0.811202
0 0.90101 0.645857 0.0143286 0.0327809 0.523768
0 0.652895 0.329635 0.0174478 0.13836 0.285845
0 0.916266 0.643506 0.0116791 0.028258 0.124391
0 0.896052 0.647271 0.0123203 0.0309407 0.123033
0 0.920161 0.644052 0.0108032 0.0259098 0.0261081
0 0.657127 0.329773 0.0135648 0.1408 0.0219334
0 0.892571 0.647017 0.0102074 0.0354092 0.00854652
1 0.654326 0.328173 0.0103706 0.125157 0.00762448
0 0.613677 0.325734 0.0197213 0.167568 0.00597116
1 0.629456 0.329896 0.0410401 0.162113 0.00504225
0 0.896634 0.643566 0.0177887 0.0447888 0.00458264
0 0.920531 0.64358 0.0150537 0.0339046 0.00425513
5 0.629456 0.329896 0.0410401 0.162113 0.00414895
0 0.754265 0.729621 0.0647787 0.212481 0.00413532
1 0.337344 0.698288 0.0518212 0.132105 0.00393435
2 0.136143 0.687513 0.0526567 0.126828 0.00386305
3 0.629456 0.329896 0.0410401 0.162113 0.00383946
2 0.337505 0.697512 0.0534115 0.129202 0.00378363
1 0.135266 0.687046 0.0522756 0.12561 0.00364983
1 0.751394 0.773225 0.0591754 0.140006 0.00349529
3 0.654326 0.328173 0.0103706 0.125157 0.00347247
0 0.653396 0.330725 0.0252628 0.167705 0.00336892
0 0.657927 0.322282 0.00812264 0.118145 0.00331147
2 0.751394 0.773225 0.0591754 0.140006 0.0032987
4 0.337344 0.698288 0.0518212 0.132105 0.00327582
2 0.629456 0.329896 0.0410401 0.162113 0.00320863
0 0.754428 0.790572 0.197742 0.251487 0.00320261
4 0.135582 0.686871 0.0528492 0.125775 0.00318487
4 0.629456 0.329896 0.0410401 0.162113 0.00307562
5 0.337856 0.697574 0.053115 0.133192 0.00294617
5 0.136143 0.687513 0.0526567 0.126828 0.00278829
4 0.751394 0.773225 0.0591754 0.140006 0.00275476
3 0.337344 0.698288 0.0518212 0.132105 0.0027492
3 0.751394 0.773225 0.0591754 0.140006 0.00273496
3 0.135266 0.687046 0.0522756 0.12561 0.00271136
2 0.573842 0.66259 0.0294616 0.066279 0.00254475
0 0.350527 0.713367 0.214789 0.263378 0.00250556
5 0.751394 0.773225 0.0591754 0.140006 0.00250348
1 0.573802 0.662871 0.029304 0.0659632 0.00233389
0 0.149559 0.707587 0.215401 0.261306 0.00225459
4 0.573126 0.663762 0.0283507 0.0653889 0.00220802
1 0.656944 0.329572 0.0100168 0.128004 0.00207108
0 0.630132 0.331059 0.0621153 0.173782 0.00190344
3 0.573802 0.662871 0.029304 0.0659632 0.00169852
0 0.654069 0.303734 0.00621195 0.0847986 0.00158033
5 0.573802 0.662871 0.029304 0.0659632 0.00152557
4 0.654326 0.328173 0.0103706 0.125157 0.00149949
0 0.738284 0.300859 0.0260581 0.0895842 0.00148186
1 0.901081 0.645193 0.0141502 0.0341161 0.00137616
0 0.574485 0.660446 0.0475604 0.0827541 0.00132083
0 0.892641 0.646051 0.0154554 0.0414187 0.00131554
3 0.656982 0.32861 0.00951815 0.124029 0.00131328
1 0.652623 0.32997 0.0210709 0.140539 0.00130161
0 0.126207 0.668476 0.0522034 0.106358 0.00119748
0 0.901523 0.64566 0.0258448 0.0408006 0.0011353
0 0.737388 0.299358 0.0188966 0.0645987 0.00112924
0 0.765699 0.776303 0.0841392 0.150012 0.0010256
0 0.659935 0.340855 0.00876913 0.135981 0.00102071
