0 0.221464 0.705168 0.0607604 0.155817 0.905998
0 0.730021 0.752504 0.0834241 0.235463 0.899054
0 0.0163709 0.690193 0.0327418 0.145487 0.888124
0 0.626178 0.325527 0.0398477 0.160965 0.885036
0 0.651633 0.322534 0.0115429 0.131433 0.83919
0 0.541318 0.661336 0.0310034 0.0769514 0.838279
0 0.637395 0.671521 0.0259485 0.0607723 0.719708
0 0.896082 0.644013 0.0115637 0.0307928 0.044169
0 0.900535 0.643771 0.018969 0.0293797 0.024653
0 0.909068 0.642689 0.0140032 0.0278281 0.0135003
0 0.741394 0.761677 0.155702 0.262532 0.01232
0 0.63064 0.679154 0.0304049 0.0739065 0.0102097
0 0.650295 0.303934 0.00924435 0.12473 0.00957976
1 0.651663 0.321955 0.010296 0.125148 0.00905429
0 0.657812 0.327322 0.0106337 0.139185 0.00864618
0 0.642453 0.685282 0.0334926 0.0826201 0.00691962
0 0.651646 0.325245 0.0231424 0.165114 0.0055043
1 0.015498 0.692495 0.030996 0.144635 0.00540045
0 0.238736 0.71237 0.182241 0.23697 0.00519489
0 0.90949 0.640407 0.00936661 0.0295442 0.00494821
1 0.626882 0.326508 0.0404512 0.16449 0.00486176
4 0.730278 0.751356 0.0849181 0.231647 0.00455719
1 0.730278 0.751356 0.0849181 0.231647 0.00455325
5 0.626882 0.326508 0.0404512 0.16449 0.00415434
3 0.651663 0.321955 0.010296 0.125148 0.0041177
3 0.0166176 0.690869 0.0332352 0.139625 0.00404332
5 0.72946 0.752447 0.0846119 0.232268 0.00398001
0 0.534283 0.660161 0.0314909 0.0704157 0.00390827
3 0.626658 0.326408 0.0405469 0.164095 0.00384683
2 0.72946 0.752447 0.0846119 0.232268 0.0038135
0 0.615603 0.324449 0.0278021 0.168322 0.00379153
2 0.0162982 0.690351 0.0325963 0.145514 0.00369673
1 0.221495 0.703998 0.0656146 0.158074 0.00368615
3 0.730278 0.751356 0.0849181 0.231647 0.0036044
4 0.0162982 0.690351 0.0325963 0.145514 0.00348059
2 0.626178 0.325527 0.0398477 0.160965 0.00334934
2 0.221054 0.703622 0.0609578 0.156442 0.00329848
2 0.541539 0.661799 0.032766 0.0740722 0.0032244
5 0.0162982 0.690351 0.0325963 0.145514 0.00311535
4 0.221054 0.703622 0.0609578 0.156442 0.00307798
3 0.2207 0.703498 0.0666571 0.157368 0.00302411
5 0.221495 0.703998 0.0656146 0.158074 0.00296247
4 0.626882 0.326508 0.0404512 0.16449 0.00291619
1 0.541984 0.661874 0.031857 0.0739261 0.00287069
0 0.909748 0.640914 0.0194353 0.0376745 0.00258999
0 0.53948 0.663042 0.0481027 0.089124 0.00254448
4 0.541984 0.661874 0.031857 0.0739261 0.00251738
3 0.541984 0.661874 0.031857 0.0739261 0.00235942
0 0.657245 0.142122 0.0122995 0.0576794 0.00233958
5 0.541984 0.661874 0.031857 0.0739261 0.0021946
0 0.897377 0.641461 0.016498 0.0441199 0.00185219
0 0.641787 0.690434 0.045178 0.114229 0.00168536
2 0.637456 0.670993 0.0275896 0.0580346 0.00160948
1 0.637228 0.671796 0.0254082 0.0608627 0.00151324
4 0.651663 0.321955 0.010296 0.125148 0.00149097
4 0.637527 0.671046 0.0254221 0.0560018 0.00135263
0 0.658087 0.325547 0.0159402 0.157078 0.00134198
0 0.657884 0.138459 0.0166306 0.0723015 0.00123867
5 0.637228 0.671796 0.0254082 0.0608627 0.00123287
5 0.652603 0.324399 0.0137835 0.141306 0.001178
0 0.663122 0.139763 0.0141001 0.0544359 0.00115148
3 0.637527 0.671046 0.0254221 0.0560018 0.00110434
0 0.602428 0.326573 0.0205399 0.173344 0.0011041
1 0.653988 0.323756 0.00965967 0.132882 0.00107898
0 0.654332 0.285172 0.0103679 0.0808322 0.0010729
0 0.63056 0.683404 0.0455823 0.107356 0.00102864
