0 0.276983 0.70015 0.0570194 0.148827 0.889247
0 0.627646 0.327221 0.03947 0.157864 0.88797
0 0.0650359 0.690025 0.0548167 0.13565 0.883319
0 0.653877 0.326248 0.010774 0.124812 0.838751
0 0.556951 0.662228 0.0298124 0.0743086 0.832442
0 0.73645 0.780383 0.0855271 0.137439 0.676917
0 0.900893 0.646808 0.0138924 0.0321699 0.343252
0 0.904529 0.646693 0.0137367 0.0294308 0.153199
0 0.657037 0.329889 0.0104064 0.131463 0.0750665
0 0.8975 0.647758 0.0121923 0.031811 0.0647168
0 0.910016 0.645139 0.0148323 0.0278974 0.0610899
0 0.901034 0.644717 0.0177895 0.0444588 0.0110671
1 0.653541 0.326688 0.0107167 0.125432 0.00897791
0 0.711386 0.759075 0.12427 0.149008 0.0073903
1 0.628298 0.327945 0.0403394 0.162069 0.00497607
0 0.915932 0.640188 0.0110386 0.028075 0.00446138
0 0.614735 0.324895 0.0240757 0.167894 0.00428467
1 0.27724 0.699142 0.0556982 0.151887 0.00421525
5 0.628298 0.327945 0.0403394 0.162069 0.00417031
0 0.293562 0.711828 0.196067 0.248576 0.0041113
0 0.652954 0.328264 0.0244967 0.164226 0.00396482
3 0.628298 0.327945 0.0403394 0.162069 0.00386865
3 0.653541 0.326688 0.0107167 0.125432 0.00385221
0 0.915634 0.647622 0.0122656 0.0300095 0.00378976
1 0.0645243 0.68989 0.0549051 0.135803 0.00374439
2 0.0647479 0.688916 0.0551103 0.135733 0.00356755
2 0.276733 0.698733 0.0563706 0.147988 0.00356528
2 0.735998 0.778966 0.0866392 0.140288 0.00352999
4 0.0645243 0.68989 0.0549051 0.135803 0.00337002
0 0.0934791 0.707625 0.186958 0.24813 0.00329618
2 0.627646 0.327221 0.03947 0.157864 0.00327119
2 0.557142 0.662121 0.0310457 0.0715723 0.00311371
0 0.0850881 0.670758 0.170176 0.274776 0.0030631
4 0.276733 0.698733 0.0563706 0.147988 0.00303394
4 0.628298 0.327945 0.0403394 0.162069 0.00301098
5 0.277231 0.699034 0.0564168 0.151116 0.0029638
5 0.0645243 0.68989 0.0549051 0.135803 0.0029568
0 0.65199 0.299644 0.00911598 0.101963 0.00290066
0 0.745338 0.793849 0.177661 0.230734 0.00286118
0 0.72741 0.780494 0.0569447 0.122819 0.00284032
3 0.276733 0.698733 0.0563706 0.147988 0.00269931
3 0.0645243 0.68989 0.0549051 0.135803 0.00268725
1 0.557142 0.662121 0.0310457 0.0715723 0.00255671
1 0.735998 0.778966 0.0866392 0.140288 0.00248772
0 0.559175 0.659716 0.0472345 0.084291 0.00242099
5 0.556771 0.662658 0.0301877 0.0741569 0.00238178
3 0.557142 0.662121 0.0310457 0.0715723 0.00237271
4 0.735998 0.778966 0.0866392 0.140288 0.00232717
0 0.670705 0.154053 0.00674496 0.0387882 0.00223621
4 0.556916 0.662092 0.0312301 0.0699427 0.00219804
0 0.652879 0.296464 0.00567141 0.086757 0.00215427
0 0.920534 0.643238 0.0118252 0.0293307 0.00213641
0 0.742649 0.747116 0.0849136 0.174331 0.00213426
0 0.013565 0.645897 0.02713 0.143566 0.00211041
0 0.671471 0.154429 0.0112414 0.0583903 0.001873
3 0.735998 0.778966 0.0866392 0.140288 0.00185532
5 0.735998 0.778966 0.0866392 0.140288 0.00179398
0 0.655724 0.147938 0.0105839 0.0580878 0.00168286
0 0.661394 0.340629 0.00869455 0.134864 0.00149914
0 0.669041 0.151056 0.00854626 0.047175 0.00145144
4 0.653541 0.326688 0.0107167 0.125432 0.00144175
0 0.742174 0.770898 0.0582736 0.118019 0.00137449
0 0.566804 0.658418 0.0332817 0.0687728 0.00132505
0 0.714618 0.775069 0.0867444 0.139216 0.00118881
0 0.602341 0.326878 0.0210407 0.170874 0.00118375
0 0.275342 0.683148 0.0458335 0.110345 0.00107127
5 0.654336 0.326862 0.0132381 0.136544 0.00102886
