0 0.628872 0.329282 0.0396552 0.157835 0.887182
0 0.329034 0.696635 0.0519938 0.136782 0.881664
0 0.125454 0.687419 0.0539372 0.130948 0.86821
0 0.57122 0.663001 0.0270423 0.0669314 0.846668
0 0.654471 0.327628 0.0102667 0.123554 0.832112
0 0.752874 0.763663 0.0570966 0.115925 0.747902
0 0.901119 0.645828 0.01385 0.0329698 0.552716
0 0.653155 0.329219 0.0167122 0.137685 0.295406
0 0.65692 0.329277 0.0101143 0.128514 0.128105
0 0.916197 0.643544 0.0116598 0.0282253 0.127539
0 0.896443 0.647184 0.0122826 0.0314035 0.104933
0 0.920108 0.644029 0.0107504 0.0260314 0.026664
0 0.754177 0.729761 0.065526 0.184276 0.012077
1 0.654096 0.327969 0.0102465 0.125011 0.00808712
0 0.613544 0.325275 0.0200377 0.16724 0.00722551
0 0.918279 0.640393 0.0138008 0.0321994 0.00720195
1 0.629415 0.329787 0.0406778 0.161996 0.0050357
0 0.892635 0.647043 0.0103245 0.0361628 0.00494391
1 0.329112 0.696671 0.0518795 0.139936 0.00428937
0 0.896696 0.64353 0.0176941 0.0450406 0.00416993
5 0.629415 0.329787 0.0406778 0.161996 0.00414128
1 0.125725 0.68761 0.053946 0.131467 0.00389779
3 0.629415 0.329787 0.0406778 0.161996 0.00385494
2 0.328887 0.69609 0.0525627 0.136332 0.0037693
2 0.125649 0.687461 0.0543494 0.129701 0.00373114
3 0.654096 0.327969 0.0102465 0.125011 0.00359272
2 0.752544 0.765229 0.0566575 0.114041 0.00343439
0 0.653182 0.330548 0.0252992 0.167275 0.00339049
4 0.125649 0.687461 0.0543494 0.129701 0.00322987
2 0.629415 0.329787 0.0406778 0.161996 0.00320121
4 0.329112 0.696671 0.0518795 0.139936 0.00319343
0 0.740457 0.760928 0.0691753 0.132964 0.00314707
4 0.629415 0.329787 0.0406778 0.161996 0.00306943
0 0.143751 0.707958 0.20768 0.252371 0.00302138
5 0.329112 0.696671 0.0518795 0.139936 0.00300709
1 0.752544 0.765229 0.0566575 0.114041 0.00298281
3 0.329112 0.696671 0.0518795 0.139936 0.00288671
0 0.345749 0.712398 0.211289 0.257995 0.00285152
3 0.125725 0.68761 0.053946 0.131467 0.00273787
3 0.752544 0.765229 0.0566575 0.114041 0.00263885
5 0.126548 0.687314 0.0539963 0.130872 0.00263207
2 0.571695 0.662422 0.0285533 0.0663487 0.00253996
5 0.753042 0.762577 0.0567181 0.117868 0.00253413
1 0.571611 0.662464 0.028421 0.0662197 0.00248331
4 0.752544 0.765229 0.0566575 0.114041 0.00246786
0 0.653875 0.303328 0.0063283 0.082648 0.00230117
4 0.571026 0.663325 0.0275024 0.06592 0.00228718
5 0.571163 0.662851 0.0271043 0.0698489 0.00198148
0 0.746781 0.779906 0.0488598 0.0978612 0.0019627
0 0.754141 0.743632 0.2255 0.275535 0.00196216
3 0.571611 0.662464 0.028421 0.0662197 0.00180516
1 0.65692 0.329277 0.0101143 0.128514 0.00177776
1 0.901173 0.645164 0.0137726 0.0345396 0.00158995
0 0.630001 0.331142 0.0619513 0.174144 0.00158345
4 0.654096 0.327969 0.0102465 0.125011 0.00151028
1 0.652881 0.329636 0.0202386 0.140017 0.00134551
0 0.654051 0.160661 0.00931721 0.0463075 0.00129542
0 0.765638 0.756555 0.06868 0.123308 0.00126634
0 0.738226 0.301097 0.0254715 0.0854976 0.00120712
3 0.656963 0.328398 0.0095808 0.124158 0.00111343
0 0.901492 0.645668 0.0258877 0.041208 0.0010304
0 0.631382 0.647044 0.0182964 0.0451301 0.00102055
