0 0.733109 0.736345 0.0799457 0.239846 0.898077
0 0.252874 0.700825 0.0598867 0.158002 0.893225
0 0.626982 0.326556 0.039908 0.159326 0.890249
0 0.0383605 0.688942 0.0572495 0.144437 0.884047
0 0.550104 0.663701 0.0315498 0.0752722 0.852276
0 0.652646 0.325932 0.0115151 0.12528 0.819111
0 0.643864 0.673621 0.0246307 0.0596107 0.405399
0 0.899984 0.646992 0.0123346 0.0286296 0.0489921
0 0.657448 0.330321 0.010101 0.130116 0.0363956
0 0.906575 0.647191 0.0120466 0.0276082 0.0206145
0 0.902317 0.644493 0.0209768 0.0333948 0.0153036
0 0.743801 0.743959 0.154454 0.267981 0.0151348
0 0.90937 0.645036 0.0150257 0.0261352 0.0148937
1 0.652609 0.325725 0.0100326 0.123791 0.00950596
0 0.644423 0.68627 0.0344941 0.0860015 0.00770069
0 0.651474 0.302993 0.00929556 0.0902733 0.00634817
0 0.897354 0.648861 0.0114115 0.0334318 0.00558814
1 0.627689 0.3274 0.0406409 0.163491 0.00491743
0 0.615747 0.325235 0.0252766 0.16699 0.00484001
0 0.254246 0.711144 0.194534 0.254515 0.00470411
4 0.733654 0.735212 0.0853912 0.241985 0.00469158
0 0.65771 0.329171 0.0152373 0.14726 0.00435203
1 0.733654 0.735212 0.0853912 0.241985 0.00430153
5 0.627689 0.3274 0.0406409 0.163491 0.00418053
5 0.733588 0.737368 0.0847174 0.241139 0.00415501
2 0.733654 0.735212 0.0853912 0.241985 0.00406321
1 0.25303 0.699532 0.0581323 0.160201 0.00404221
3 0.652609 0.325725 0.0100326 0.123791 0.00403174
3 0.627689 0.3274 0.0406409 0.163491 0.00388214
1 0.0383605 0.688942 0.0572495 0.144437 0.00383778
0 0.0721513 0.704033 0.144303 0.246179 0.00380589
3 0.733588 0.737368 0.0847174 0.241139 0.00367169
2 0.252675 0.699175 0.0584394 0.155754 0.00366536
2 0.0383605 0.688942 0.0572495 0.144437 0.00357153
0 0.652249 0.328064 0.0240201 0.165405 0.00343617
0 0.909966 0.64326 0.0204327 0.0333688 0.00333571
4 0.0383605 0.688942 0.0572495 0.144437 0.0033117
2 0.626982 0.326556 0.039908 0.159326 0.0033106
4 0.252675 0.699175 0.0584394 0.155754 0.00320193
0 0.907968 0.641595 0.0134502 0.0383203 0.00304602
4 0.627689 0.3274 0.0406409 0.163491 0.00298914
5 0.0392564 0.688935 0.0590679 0.143518 0.00291384
2 0.550192 0.663181 0.0316914 0.0733697 0.00286681
0 0.644007 0.665149 0.032128 0.0746377 0.00283116
5 0.25303 0.699532 0.0581323 0.160201 0.00277342
0 0.549558 0.665658 0.0471078 0.0881457 0.00267432
1 0.550514 0.663774 0.0317689 0.0721849 0.00264346
3 0.252675 0.699175 0.0584394 0.155754 0.00259271
3 0.0383605 0.688942 0.0572495 0.144437 0.002513
4 0.550514 0.663774 0.0317689 0.0721849 0.0023127
3 0.550514 0.663774 0.0317689 0.0721849 0.00205122
0 0.656148 0.146561 0.0105829 0.0575469 0.00185172
0 0.662776 0.340561 0.00848551 0.13644 0.0018423
5 0.550514 0.663774 0.0317689 0.0721849 0.00177961
0 0.669142 0.148245 0.00837011 0.0467007 0.00170284
0 0.670773 0.1514 0.00707197 0.0395176 0.00166319
4 0.652609 0.325725 0.0100326 0.123791 0.00145912
0 0.671556 0.152157 0.0113103 0.0579645 0.00140769
0 0.625975 0.675329 0.0436821 0.0814646 0.00139033
0 0.0237622 0.661679 0.0351519 0.102542 0.00129286
0 0.657666 0.143427 0.0150916 0.070078 0.00128185
0 0.898052 0.641535 0.0152573 0.043514 0.00121372
0 0.616796 0.689304 0.041795 0.0927534 0.00107189
1 0.644495 0.673848 0.0248574 0.0593488 0.00101456
5 0.65342 0.326821 0.0130555 0.137032 0.00100137
