0 0.629123 0.329884 0.0400911 0.156928 0.889051
0 0.345066 0.693972 0.0511052 0.138634 0.887606
0 0.14422 0.685807 0.0527122 0.124686 0.876321
0 0.575927 0.662041 0.0281371 0.0682166 0.85066
0 0.654979 0.327788 0.0105064 0.122743 0.833798
0 0.751045 0.771725 0.0569293 0.138093 0.793314
0 0.901811 0.645687 0.014143 0.0340683 0.607084
0 0.652129 0.330177 0.019199 0.138662 0.285562
0 0.917507 0.643491 0.0114725 0.0281002 0.177052
0 0.896142 0.647435 0.0126888 0.0326307 0.0612262
0 0.920402 0.643883 0.0107838 0.025026 0.0560532
0 0.754358 0.72971 0.0641944 0.21049 0.00959347
0 0.920757 0.64352 0.0146099 0.0320799 0.00870769
0 0.657665 0.324178 0.0096611 0.126981 0.00708527
1 0.654654 0.32833 0.0105512 0.12454 0.00700904
0 0.613719 0.326496 0.0187946 0.166316 0.0061066
1 0.629629 0.330382 0.0411569 0.161419 0.00504457
0 0.892486 0.646747 0.0101166 0.0368121 0.00480851
5 0.629629 0.330382 0.0411569 0.161419 0.00413318
2 0.144232 0.685907 0.0534794 0.127411 0.00388632
3 0.629629 0.330382 0.0411569 0.161419 0.00382768
2 0.344936 0.692438 0.0522432 0.136449 0.00380442
1 0.345322 0.693845 0.051638 0.140303 0.00371697
1 0.143976 0.686521 0.0526101 0.126452 0.00343248
1 0.752263 0.771178 0.0573757 0.14189 0.00342134
3 0.654654 0.32833 0.0105512 0.12454 0.00334962
4 0.144599 0.685475 0.0525516 0.124919 0.00333441
2 0.752263 0.771178 0.0573757 0.14189 0.00325204
2 0.629629 0.330382 0.0411569 0.161419 0.003223
4 0.629629 0.330382 0.0411569 0.161419 0.00310551
4 0.345513 0.692734 0.051164 0.13525 0.00305064
0 0.752937 0.750551 0.209597 0.259762 0.00301211
5 0.345725 0.693856 0.0517911 0.137314 0.00293089
0 0.896368 0.643291 0.0175198 0.0452367 0.00287225
0 0.00666364 0.9401 0.0131811 0.0507823 0.00286072
3 0.752263 0.771178 0.0573757 0.14189 0.00276166
5 0.145004 0.68634 0.0527588 0.126551 0.0026949
4 0.752263 0.771178 0.0573757 0.14189 0.00267783
2 0.575971 0.661367 0.0290861 0.067557 0.00267272
3 0.143976 0.686521 0.0526101 0.126452 0.00257416
3 0.345066 0.693972 0.0511052 0.138634 0.00253003
0 0.353692 0.710848 0.220156 0.269095 0.00248777
5 0.752263 0.771178 0.0573757 0.14189 0.00245863
1 0.575875 0.661935 0.0292838 0.0664565 0.00229961
0 0.153889 0.706759 0.21826 0.26541 0.00227502
0 0.654603 0.303297 0.00648508 0.0805557 0.00212475
4 0.575875 0.661935 0.0292838 0.0664565 0.00211234
0 0.630346 0.33143 0.0622181 0.172759 0.00206722
0 0.013458 0.801067 0.026916 0.378734 0.00196438
3 0.575971 0.661367 0.0290861 0.067557 0.00188175
0 0.575514 0.673727 0.0473688 0.0966946 0.00172609
1 0.901856 0.645018 0.014146 0.036254 0.00171044
5 0.575882 0.662176 0.02921 0.0689573 0.00165982
4 0.654654 0.32833 0.0105512 0.12454 0.00149641
0 0.738151 0.301008 0.0258648 0.0911285 0.00137238
0 0.902187 0.645774 0.0254883 0.0415667 0.00135624
0 0.92382 0.637896 0.0104263 0.0271656 0.00131067
1 0.651868 0.330393 0.022786 0.140497 0.00130372
0 0.00924565 0.890317 0.0184913 0.158354 0.00129169
0 0.766753 0.760599 0.0664269 0.140792 0.00114976
0 0.737288 0.299301 0.0189182 0.066321 0.00109348
1 0.917507 0.643491 0.0114725 0.0281002 0.00103466
0 0.0113681 0.846694 0.0227361 0.260899 0.00102872
0 0.659846 0.340807 0.00855999 0.133889 0.00100079
