3 0.568578 0.463136 0.812466 0.88532 0.786959
3 0.571398 0.456132 0.653106 0.50892 0.00641264
3 0.550641 0.270779 0.855854 0.502445 0.00473547
0 0.596887 0.479927 0.806226 0.916389 0.00451617
2 0.596887 0.479927 0.806226 0.916389 0.00418551
3 0.346184 0.499178 0.692368 0.982223 0.00230701
4 0.596887 0.479927 0.806226 0.916389 0.00213862
5 0.568578 0.463136 0.812466 0.88532 0.00169752
3 0.867855 0.499101 0.264289 0.959285 0.00164535
1 0.596887 0.479927 0.806226 0.916389 0.00148651
3 0.690807 0.257249 0.580089 0.437088 0.00117266
