3 0.387476 0.466783 0.373936 0.835986 0.783946
3 0.380851 0.196812 0.337699 0.235818 0.186328
3 0.388911 0.458794 0.34677 0.502807 0.0475372
3 0.391297 0.292118 0.355047 0.416218 0.00659777
5 0.390037 0.47703 0.370818 0.826849 0.00501436
2 0.380851 0.196812 0.337699 0.235818 0.00457818
2 0.387476 0.466783 0.373936 0.835986 0.00398663
3 0.271755 0.718749 0.0846026 0.078162 0.00310787
0 0.390037 0.47703 0.370818 0.826849 0.00286531
4 0.3844 0.204815 0.34096 0.219268 0.0021686
4 0.387476 0.466783 0.373936 0.835986 0.00215357
1 0.38881 0.475739 0.354349 0.81201 0.00197009
3 0.385317 0.195296 0.159426 0.237229 0.0019365
3 0.27892 0.204318 0.148399 0.208482 0.00181165
5 0.380851 0.196812 0.337699 0.235818 0.00165558
3 0.518277 0.802753 0.116707 0.0832577 0.00151345
1 0.3844 0.204815 0.34096 0.219268 0.00100107
