3 0.6878 0.123054 0.28222 0.246109 0.616451
3 0.50991 0.5 0.736178 1 0.34189
3 0.509877 0.116714 0.630867 0.229718 0.119365
3 0.505221 0.209063 0.614672 0.407762 0.11624
3 0.35108 0.105131 0.299462 0.203447 0.0345726
3 0.310485 0.471395 0.510898 0.942789 0.0116913
2 0.685733 0.122329 0.280583 0.244657 0.00754359
5 0.685733 0.122329 0.280583 0.244657 0.00499028
3 0.286144 0.0891119 0.175789 0.178224 0.00398392
1 0.685733 0.122329 0.280583 0.244657 0.00267888
2 0.50991 0.5 0.736178 1 0.0023443
3 0.540036 0.379257 0.580727 0.758514 0.00232776
3 0.40573 0.0985318 0.184245 0.194198 0.00181278
2 0.510861 0.119717 0.60886 0.215534 0.00178767
0 0.690276 0.121483 0.26355 0.242967 0.00157506
4 0.695024 0.124389 0.272149 0.248779 0.00153234
2 0.35108 0.105131 0.299462 0.203447 0.00148413
5 0.50991 0.5 0.736178 1 0.00133205
4 0.510861 0.119717 0.60886 0.215534 0.00132513
0 0.50991 0.5 0.736178 1 0.00129468
3 0.544051 0.773043 0.686255 0.453915 0.0012943
2 0.506428 0.21087 0.592058 0.390487 0.00126785
3 0.69614 0.232803 0.283769 0.453523 0.00103013
