0 0.78377 0.660236 0.0260261 0.0590639 0.766324
0 0.713109 0.665303 0.0234085 0.0599617 0.717528
2 0.682159 0.728187 0.0657564 0.101038 0.715547
2 0.803358 0.732008 0.0742765 0.102906 0.689265
2 0.54952 0.723362 0.0556206 0.0987168 0.438817
0 0.680412 0.727429 0.0647201 0.100486 0.307168
0 0.782466 0.667958 0.035498 0.0618334 0.169848
0 0.802276 0.732476 0.0725943 0.100783 0.136129
0 0.547827 0.721945 0.0584489 0.100962 0.0896674
1 0.681789 0.726178 0.0651836 0.0994676 0.040698
1 0.549787 0.724883 0.0561998 0.0940042 0.0236089
0 0.787053 0.676158 0.0411739 0.0931011 0.018487
1 0.802276 0.732476 0.0725943 0.100783 0.013361
4 0.547827 0.721945 0.0584489 0.100962 0.0127111
0 0.346667 0.729677 0.156178 0.174328 0.00771882
4 0.681305 0.725969 0.0645319 0.103207 0.00520564
4 0.803358 0.732008 0.0742765 0.102906 0.00506119
0 0.759849 0.675393 0.0726403 0.0794311 0.00470909
1 0.713109 0.665303 0.0234085 0.0599617 0.00417612
0 0.792324 0.702057 0.0614618 0.102945 0.0036564
3 0.803196 0.732024 0.0740578 0.102842 0.00348693
5 0.803196 0.732024 0.0740578 0.102842 0.00343348
5 0.547827 0.721945 0.0584489 0.100962 0.00339028
5 0.681968 0.728046 0.0651784 0.101896 0.00322322
2 0.782351 0.659091 0.0297491 0.0579706 0.00319189
3 0.681968 0.728046 0.0651784 0.101896 0.00304015
2 0.713688 0.662995 0.0228957 0.0563646 0.00283412
1 0.782351 0.659091 0.0297491 0.0579706 0.0027183
3 0.54952 0.723362 0.0556206 0.0987168 0.00235986
4 0.782351 0.659091 0.0297491 0.0579706 0.00192288
5 0.783546 0.659542 0.0271223 0.0586413 0.00181342
2 0.692598 0.744859 0.200554 0.262736 0.00176858
3 0.782351 0.659091 0.0297491 0.0579706 0.00174277
4 0.713742 0.664042 0.0227052 0.0559109 0.0014582
0 0.717103 0.678848 0.0303084 0.0832627 0.00136272
3 0.713706 0.663531 0.0220595 0.0572443 0.00130733
5 0.713855 0.66396 0.0220201 0.0579288 0.00130243
2 0.802899 0.754573 0.201284 0.258824 0.00121112
0 0.784896 0.650003 0.0327267 0.0712662 0.00105119
