0 0.61698 0.700321 0.0598308 0.155985 0.8753
2 0.486803 0.620069 0.0592556 0.19237 0.830401
0 0.0600813 0.391738 0.0165761 0.0453933 0.413958
2 0.617931 0.700798 0.0598248 0.150916 0.0543804
0 0.486934 0.621175 0.058589 0.187791 0.0524164
1 0.485936 0.621007 0.0576412 0.185359 0.0433445
1 0.617931 0.700798 0.0598248 0.150916 0.0107703
0 0.0601427 0.39196 0.0252703 0.0503787 0.00577612
2 0.499823 0.626674 0.183237 0.274321 0.00576378
3 0.486934 0.621175 0.058589 0.187791 0.00570769
1 0.0600813 0.391738 0.0165761 0.0453933 0.00513949
4 0.486641 0.621045 0.0579144 0.191208 0.00484339
5 0.485936 0.621007 0.0576412 0.185359 0.00466379
3 0.617931 0.700798 0.0598248 0.150916 0.00406757
4 0.617129 0.699902 0.0593713 0.15656 0.00397547
5 0.617129 0.699902 0.0593713 0.15656 0.00318718
0 0.634606 0.709187 0.182812 0.245542 0.00260053
3 0.84206 0.223707 0.235833 0.280639 0.00245931
4 0.0601302 0.391782 0.016664 0.0453109 0.00147711
3 0.0601302 0.391782 0.016664 0.0453109 0.00136532
2 0.0600813 0.391738 0.0165761 0.0453933 0.00132953
5 0.0600813 0.391738 0.0165761 0.0453933 0.00103339
