0 0.410373 0.651258 0.0431692 0.123041 0.906853
2 0.871922 0.584747 0.077491 0.150676 0.854081
2 0.303044 0.636719 0.0581005 0.176455 0.852133
2 0.410577 0.649204 0.0474828 0.125551 0.115805
1 0.410577 0.649204 0.0474828 0.125551 0.0328992
0 0.302743 0.637082 0.059453 0.170763 0.0266073
1 0.302232 0.638317 0.0581298 0.16911 0.0231075
2 0.828232 0.565568 0.0320316 0.101966 0.0213258
0 0.830167 0.567998 0.0306838 0.103429 0.0116432
2 0.889296 0.599987 0.158038 0.197539 0.00962329
2 0.651519 0.8227 0.269526 0.322738 0.00914129
0 0.872805 0.584182 0.0832817 0.146711 0.00709062
2 0.860869 0.572904 0.166349 0.208329 0.00665419
2 0.303789 0.651092 0.18521 0.244392 0.00642541
4 0.302743 0.637082 0.059453 0.170763 0.00559468
1 0.872456 0.584242 0.0783872 0.144057 0.00555687
2 0.955109 0.608644 0.0849538 0.133975 0.00542729
5 0.302967 0.636646 0.0591158 0.168813 0.00520331
5 0.873734 0.584716 0.0791341 0.145152 0.00507129
4 0.874038 0.585644 0.0788605 0.147964 0.00484095
2 0.824283 0.55595 0.0473043 0.109853 0.00436223
3 0.302743 0.637082 0.059453 0.170763 0.0043271
3 0.410274 0.650257 0.04293 0.122647 0.00427953
4 0.410274 0.650257 0.04293 0.122647 0.00404611
3 0.872456 0.584242 0.0783872 0.144057 0.00370727
5 0.410274 0.650257 0.04293 0.122647 0.00341945
0 0.410941 0.6476 0.0639606 0.141339 0.00332759
2 0.834913 0.573186 0.0324121 0.112398 0.00314001
2 0.769673 0.52079 0.0523378 0.109289 0.00231522
2 0.782066 0.542935 0.0589214 0.104663 0.00151528
4 0.526453 0.170805 0.053225 0.0864676 0.00139903
2 0.825809 0.572747 0.0636038 0.137177 0.00118893
2 0.84295 0.573594 0.0392654 0.125994 0.00105185
