2 0.474237 0.706999 0.0790619 0.103645 0.614596
0 0.603386 0.630534 0.0281512 0.0515062 0.595054
2 0.276345 0.731827 0.095798 0.1145 0.346643
0 0.612733 0.685881 0.0667445 0.105259 0.325611
2 0.613186 0.692142 0.0694695 0.0949882 0.299068
0 0.0146468 0.784207 0.0277301 0.183517 0.203606
0 0.524391 0.640356 0.0302317 0.059161 0.179328
3 0.0132417 0.680605 0.0264835 0.212982 0.0531917
0 0.475087 0.705616 0.076633 0.104229 0.0481996
1 0.614195 0.690606 0.0653231 0.0945805 0.0474242
0 0.0132417 0.680605 0.0264835 0.212982 0.0399814
3 0.0123749 0.789642 0.0247498 0.180351 0.0260801
1 0.773526 0.632843 0.0185041 0.0769143 0.0238822
3 0.0139025 0.756517 0.0276872 0.267581 0.0238353
3 0.0190698 0.716052 0.0381396 0.304263 0.0173912
1 0.47417 0.706051 0.0780774 0.102667 0.00942487
0 0.275389 0.729759 0.0967652 0.118514 0.00606573
0 0.52666 0.644424 0.0515823 0.0769506 0.00528404
4 0.475276 0.705217 0.0777249 0.105281 0.00520886
4 0.613983 0.690506 0.0667854 0.0953482 0.00511881
0 0.01359 0.611534 0.02718 0.119687 0.00478391
0 0.0225577 0.782762 0.0451155 0.187983 0.00462004
1 0.0146468 0.784207 0.0277301 0.183517 0.00456238
0 0.52506 0.65151 0.0363948 0.0972896 0.00398773
0 0.50828 0.677549 0.0636674 0.0952113 0.00394591
0 0.018681 0.742927 0.037362 0.303784 0.00374948
1 0.602606 0.629782 0.0268496 0.0501612 0.00339431
5 0.475275 0.706585 0.0777935 0.104127 0.00316616
1 0.276236 0.731168 0.097368 0.113305 0.00310142
3 0.613983 0.690506 0.0667854 0.0953482 0.00298223
3 0.475275 0.706585 0.0777935 0.104127 0.00288585
4 0.276345 0.731827 0.095798 0.1145 0.00274086
0 0.612478 0.657084 0.0577438 0.0820998 0.00265878
0 0.0151547 0.549827 0.0303094 0.235476 0.00246667
0 0.0183355 0.639976 0.036671 0.165667 0.0024518
5 0.612481 0.69199 0.0683007 0.0934025 0.00240138
5 0.275808 0.731831 0.0959209 0.117396 0.00239916
1 0.523026 0.643637 0.0304442 0.0690459 0.00231353
2 0.602575 0.62948 0.0294275 0.0516123 0.00218131
3 0.275204 0.731067 0.095198 0.118447 0.00214758
3 0.0183355 0.639976 0.036671 0.165667 0.00202739
1 0.0132417 0.680605 0.0264835 0.212982 0.00200913
0 0.0123722 0.783524 0.0247444 0.117447 0.00182571
2 0.264169 0.716682 0.185175 0.200625 0.00179746
2 0.286042 0.749803 0.16932 0.19412 0.00179474
2 0.50828 0.677549 0.0636674 0.0952113 0.00164513
2 0.465244 0.699294 0.202605 0.225842 0.0015462
4 0.603177 0.632346 0.0284698 0.0500258 0.00140854
0 0.773327 0.632025 0.0202454 0.0767643 0.00133093
2 0.252041 0.723794 0.156282 0.115165 0.00114368
