2 0.545503 0.664694 0.107424 0.270168 0.89158
2 0.337342 0.839593 0.160926 0.311836 0.639296
2 0.483118 0.749197 0.0507705 0.19876 0.23566
0 0.485214 0.750437 0.0467215 0.211868 0.199118
2 0.76011 0.588217 0.328725 0.412939 0.00937733
0 0.54515 0.664547 0.11087 0.271062 0.00788803
3 0.84663 0.698817 0.158443 0.106315 0.00641643
0 0.337843 0.83744 0.165533 0.299387 0.00603575
1 0.545299 0.663011 0.110901 0.26925 0.00555765
4 0.54518 0.662259 0.107625 0.273895 0.00530319
3 0.545061 0.66315 0.106805 0.268094 0.0051175
1 0.485343 0.748599 0.0486033 0.203504 0.00502896
5 0.545061 0.66315 0.106805 0.268094 0.00486743
5 0.337843 0.83744 0.165533 0.299387 0.00450306
4 0.337843 0.83744 0.165533 0.299387 0.00445405
1 0.337843 0.83744 0.165533 0.299387 0.0039114
2 0.378743 0.82188 0.0862857 0.264687 0.00371537
3 0.337843 0.83744 0.165533 0.299387 0.00359755
2 0.458245 0.711307 0.0337866 0.15647 0.0034328
3 0.485286 0.74934 0.046909 0.208759 0.00285222
2 0.643189 0.468525 0.126139 0.220809 0.00270224
0 0.485763 0.755469 0.0430995 0.132101 0.00255521
2 0.372916 0.842371 0.132347 0.305678 0.00226323
2 0.348657 0.788081 0.141575 0.218366 0.00148418
4 0.485751 0.746491 0.0494152 0.20052 0.00137263
2 0.455586 0.705944 0.0301192 0.108274 0.00133183
5 0.485286 0.74934 0.046909 0.208759 0.00130682
2 0.385273 0.791394 0.0665614 0.196112 0.00128628
0 0.458245 0.711307 0.0337866 0.15647 0.00123149
2 0.757144 0.646944 0.325502 0.248059 0.0011518
2 0.485142 0.753563 0.0422915 0.127825 0.00113375
2 0.502762 0.728485 0.21061 0.311038 0.00105186
