1 0.868482 0.594609 0.0409057 0.163751 0.840486
2 0.737554 0.592912 0.215195 0.299493 0.81986
2 0.618825 0.493586 0.100664 0.295824 0.351378
1 0.4755 0.3175 0.0174643 0.110199 0.147928
3 0.827054 0.249817 0.14592 0.457713 0.100813
2 0.869332 0.591019 0.0426891 0.172173 0.0776369
2 0.347545 0.357193 0.0881777 0.194997 0.0333912
2 0.654543 0.844663 0.157848 0.300736 0.027706
4 0.738856 0.592185 0.218385 0.295013 0.0147291
2 0.623318 0.404685 0.0853394 0.189076 0.0144543
0 0.738433 0.592883 0.218684 0.298317 0.0122159
3 0.968351 0.423851 0.0616958 0.186009 0.0115815
1 0.869451 0.597744 0.0352844 0.0972754 0.0106504
5 0.738856 0.592185 0.218385 0.295013 0.0102199
3 0.869241 0.594411 0.0406122 0.162255 0.00845614
1 0.620759 0.49097 0.0989845 0.309078 0.00824398
2 0.20946 0.398208 0.0700087 0.176826 0.00768828
0 0.866826 0.595505 0.0454146 0.164844 0.00731202
0 0.619978 0.489735 0.0964295 0.312079 0.00656488
3 0.738433 0.592883 0.218684 0.298317 0.00653685
4 0.867339 0.59314 0.0458073 0.164851 0.00553371
1 0.738856 0.592185 0.218385 0.295013 0.00535735
5 0.867017 0.594434 0.0456376 0.163658 0.00529413
3 0.62035 0.492648 0.0987813 0.301805 0.00527513
2 0.611488 0.494065 0.158724 0.323318 0.00450655
3 0.827573 0.163836 0.135941 0.276989 0.00390292
3 0.475778 0.31622 0.0205354 0.112863 0.00350616
2 0.611886 0.541518 0.0808707 0.191667 0.00341088
5 0.62035 0.492648 0.0987813 0.301805 0.00339938
4 0.62035 0.492648 0.0987813 0.301805 0.00282995
2 0.623004 0.288879 0.0804956 0.570596 0.00212632
2 0.475613 0.318194 0.0191749 0.106969 0.0018559
3 0.0186083 0.585425 0.0372166 0.106287 0.00176095
2 0.692377 0.585672 0.19109 0.273982 0.00146962
3 0.347545 0.357193 0.0881777 0.194997 0.00132045
2 0.5 0.967674 1 0.0646527 0.00128092
2 0.481852 0.562161 0.106227 0.16516 0.00124045
2 0.364407 0.356169 0.169017 0.210913 0.00119162
2 0.626924 0.402499 0.0838711 0.121825 0.00114562
2 0.620969 0.203535 0.0623239 0.40707 0.00109726
3 0.0204306 0.509577 0.0408611 0.211926 0.00103662
