3 0.0853679 0.587095 0.0996464 0.226191 0.743297
3 0.332466 0.725539 0.0406252 0.0689207 0.0651075
3 0.0872873 0.555909 0.0999539 0.139531 0.0286862
3 0.5 0.521308 1 0.957384 0.0204812
3 0.0863749 0.666236 0.10265 0.347975 0.0168837
3 0.321101 0.725304 0.0607811 0.0736589 0.00848431
0 0.0850232 0.634138 0.102382 0.308873 0.00719726
2 0.5 0.521308 1 0.957384 0.00689672
1 0.0853679 0.587095 0.0996464 0.226191 0.00409164
5 0.0853679 0.587095 0.0996464 0.226191 0.00408881
0 0.0856999 0.554355 0.09779 0.138525 0.00386276
2 0.0848946 0.555389 0.0991037 0.146101 0.00316705
2 0.0838641 0.634117 0.0957283 0.302442 0.00292124
4 0.0853679 0.587095 0.0996464 0.226191 0.0025836
3 0.113382 0.343557 0.0820526 0.352074 0.00243206
1 0.333202 0.724398 0.0439607 0.0681546 0.00162511
3 0.507442 0.646941 0.865899 0.677086 0.00150425
3 0.327351 0.241193 0.228639 0.25393 0.00111016
3 0.0763537 0.739614 0.109869 0.454273 0.00109764
0 1 0.160576 0 0.289904 0.00101959
