3 0.0688358 0.283723 0.136537 0.168618 0.851753
3 0.091275 0.589464 0.18255 0.821071 0.047995
3 0.0744372 0.507277 0.148874 0.641891 0.0103659
3 0.499831 0.503366 0.982652 0.993269 0.00633279
3 0.0715054 0.405641 0.138851 0.415913 0.00596296
5 0.0687772 0.282865 0.137554 0.169122 0.0053247
1 0.0694281 0.283355 0.134809 0.168993 0.00482723
3 0.450163 0.194868 0.648583 0.378986 0.00465052
4 0.0695946 0.283772 0.133034 0.166009 0.00454026
2 0.0685616 0.283996 0.137123 0.170503 0.00413471
0 0.0695946 0.283772 0.133034 0.166009 0.00399535
3 0.0764137 0.32396 0.133262 0.25887 0.00364283
2 0.5 0.870254 1 0.259492 0.00237998
2 0.496629 0.197515 0.607805 0.381222 0.0021711
3 0.502868 0.356621 0.794407 0.694632 0.0019161
3 0.442191 0.194606 0.227746 0.389211 0.00170777
3 0.498309 0.640958 0.780769 0.687474 0.00135583
