3 0.489912 0.551421 0.979825 0.897159 0.866367
3 0.180139 0.962621 0.0621401 0.0686907 0.0409031
3 0.672406 0.538224 0.655188 0.923552 0.0255088
3 0.456086 0.425292 0.798231 0.678158 0.0190415
3 0.465025 0.545779 0.649901 0.50687 0.00970718
3 0.834304 0.501939 0.331391 0.996123 0.006331
3 0.371649 0.527311 0.592125 0.907119 0.00307609
3 0.5 0.109769 1 0.219538 0.0028948
3 0.257347 0.542026 0.357717 0.915948 0.00267754
2 0.464073 0.552103 0.818915 0.895794 0.00254142
0 0.464073 0.552103 0.818915 0.895794 0.00225175
4 0.489912 0.551421 0.979825 0.897159 0.00183283
3 0.175277 0.531392 0.304243 0.937216 0.00176213
5 0.464073 0.552103 0.818915 0.895794 0.00170845
3 0.845061 0.172552 0.30349 0.345105 0.0016327
3 0.539017 0.31243 0.921965 0.565592 0.00121426
1 0.489912 0.551421 0.979825 0.897159 0.00108505
