3 0.404924 0.565302 0.477342 0.869397 0.768393
3 0.401525 0.373071 0.44152 0.530137 0.205784
3 0.53738 0.549916 0.92524 0.900169 0.0463277
3 0.405227 0.557874 0.44584 0.498725 0.0249978
5 0.403669 0.571357 0.477169 0.857285 0.00410417
2 0.403669 0.571357 0.477169 0.857285 0.00343022
0 0.403669 0.571357 0.477169 0.857285 0.00339469
3 0.419122 0.252652 0.427939 0.284473 0.00300718
3 0.0442851 0.548826 0.0885702 0.902349 0.00251572
3 0.0193057 0.359073 0.0386114 0.401383 0.00215293
4 0.403669 0.571357 0.477169 0.857285 0.00209268
3 0.722795 0.91124 0.488672 0.17752 0.00188743
3 0.601918 0.920371 0.155894 0.155722 0.00174868
1 0.403669 0.571357 0.477169 0.857285 0.00148895
5 0.401525 0.373071 0.44152 0.530137 0.00125874
0 0.402547 0.38753 0.450582 0.550073 0.00116687
3 0.0300047 0.552732 0.0600095 0.88004 0.0011467
4 0.401525 0.373071 0.44152 0.530137 0.00111349
