3 0.519882 0.604598 0.278655 0.782581 0.568501
3 0.520288 0.451411 0.279343 0.441341 0.041747
3 0.518094 0.596811 0.261718 0.483021 0.0342791
3 0.508185 0.775575 0.188945 0.430121 0.0313996
3 0.883479 0.5 0.233042 1 0.0119679
3 0.516926 0.559426 0.249415 0.238011 0.007615
3 0.498837 0.725694 0.252017 0.548612 0.00695973
3 0.0628989 0.5 0.125798 1 0.00372985
5 0.519882 0.604598 0.278655 0.782581 0.00323625
0 0.519882 0.604598 0.278655 0.782581 0.00293303
2 0.518587 0.602766 0.293658 0.794469 0.00289075
3 0.106802 0.499955 0.213603 0.99991 0.00212122
4 0.519882 0.604598 0.278655 0.782581 0.00209682
1 0.519882 0.604598 0.278655 0.782581 0.00176736
3 0.374877 0.542604 0.749755 0.914793 0.00140662
3 0.942678 0.526947 0.114644 0.940887 0.00115717
3 0.723177 0.5 0.553647 1 0.0010156
