3 0.726139 0.484705 0.106389 0.384064 0.886189
0 0.725722 0.479807 0.10279 0.373167 0.00703275
2 0.433191 0.5 0.866382 1 0.00517293
3 0.72719 0.414795 0.0936483 0.248711 0.00434883
3 0.106907 0.641119 0.213814 0.568061 0.0038553
1 0.727754 0.484355 0.102772 0.37823 0.00354558
5 0.725989 0.489137 0.115296 0.386686 0.00344406
2 0.726788 0.484199 0.103887 0.375768 0.00322121
4 0.727754 0.484355 0.102772 0.37823 0.00248429
2 0.5 0.640625 1 0.713332 0.00163183
2 0.122598 0.641013 0.245195 0.572758 0.00134816
