3 0.765208 0.482164 0.469136 0.964329 0.80724
3 0.5 0.499099 1 0.998197 0.204608
3 0.799019 0.477924 0.401963 0.926605 0.0786773
3 0.76539 0.475862 0.44776 0.516242 0.0251565
3 0.76445 0.21296 0.434612 0.412749 0.0100869
0 0.765208 0.482164 0.469136 0.964329 0.00518893
2 0.765208 0.482164 0.469136 0.964329 0.00337817
5 0.765208 0.482164 0.469136 0.964329 0.00318124
2 0.5 0.499099 1 0.998197 0.00244104
4 0.765208 0.482164 0.469136 0.964329 0.00215276
1 0.762324 0.473407 0.475353 0.946813 0.00153227
2 0.31374 0.496248 0.618685 0.960788 0.0014366
3 0.5 0.728757 1 0.542485 0.00141206
0 0.5 0.499099 1 0.998197 0.00112158
3 0.785517 0.693837 0.407683 0.524986 0.00111887
3 0.998253 0.361498 0.0034939 0.576117 0.0010037
