3 0.514188 0.549636 0.971625 0.900729 0.913234
3 0.17295 0.190578 0.061641 0.0793139 0.0584925
3 0.50258 0.360897 0.937465 0.535798 0.00723548
2 0.514188 0.549636 0.971625 0.900729 0.00396443
3 0.340384 0.0914388 0.490353 0.175569 0.00384977
3 0.549044 0.545393 0.670052 0.498799 0.00354824
3 0.0823119 0.376946 0.115491 0.112183 0.00215545
0 0.514188 0.549636 0.971625 0.900729 0.00213253
4 0.5 0.550531 1 0.898938 0.00196597
3 0.527683 0.0745713 0.585418 0.149143 0.0019014
3 0.537557 0.258133 0.904068 0.31606 0.00173504
0 0.17295 0.190578 0.061641 0.0793139 0.00129688
5 0.514188 0.549636 0.971625 0.900729 0.00125586
3 0.318146 0.558914 0.522582 0.851201 0.00122465
1 0.173958 0.189797 0.0595769 0.0799194 0.00119726
1 0.515046 0.533765 0.969908 0.874643 0.00114167
3 0.5 0.728804 1 0.542392 0.00110834
