3 0.699955 0.897594 0.299279 0.203726 0.59763
3 0.406119 0.50433 0.292063 0.92869 0.055773
3 0.531145 0.495223 0.93771 0.975471 0.0457978
3 0.441179 0.55255 0.584859 0.872651 0.0339984
0 0.699716 0.897781 0.297539 0.199077 0.0171823
5 0.699716 0.897781 0.297539 0.199077 0.0110965
2 0.695319 0.898872 0.312759 0.202257 0.00867308
4 0.699716 0.897781 0.297539 0.199077 0.00627632
1 0.699716 0.897781 0.297539 0.199077 0.00436708
3 0.701554 0.895312 0.170953 0.209376 0.00404935
3 0.656437 0.49006 0.668965 0.832234 0.00370507
3 0.602122 0.898484 0.533546 0.203031 0.00301068
3 0.431214 0.36346 0.112231 0.296258 0.00188019
3 0.785865 0.902379 0.140767 0.194502 0.00187672
3 0.215176 0.503718 0.430352 0.992565 0.00165343
3 0.408671 0.496848 0.262504 0.502954 0.00125648
3 0.593451 0.485267 0.277322 0.315746 0.00120573
