3 0.488996 0.600839 0.859758 0.798321 0.564443
3 0.463808 0.477162 0.787781 0.524049 0.0258881
3 0.357382 0.509057 0.495121 0.571021 0.00812209
3 0.494387 0.597772 0.650145 0.483549 0.00375408
2 0.488996 0.600839 0.859758 0.798321 0.0025631
3 0.491002 0.365301 0.868289 0.349666 0.00238642
0 0.488996 0.600839 0.859758 0.798321 0.00210608
4 0.488996 0.600839 0.859758 0.798321 0.00200253
3 0.627358 0.505595 0.597169 0.572741 0.00182346
3 0.986322 0.541538 0.0273566 0.641203 0.00153727
1 0.488996 0.600839 0.859758 0.798321 0.00153571
5 0.488996 0.600839 0.859758 0.798321 0.00129793
3 0.997916 0.538518 0.00416704 0.592242 0.00119602
