3 0.734405 0.279786 0.133421 0.155568 0.806224
3 0.740075 0.498959 0.145292 0.607236 0.246083
3 0.739444 0.573026 0.205274 0.764172 0.0279396
3 0.737711 0.393864 0.134052 0.380272 0.0210554
5 0.734814 0.279967 0.135496 0.156537 0.00461608
0 0.735259 0.280964 0.128484 0.155015 0.00447242
1 0.734202 0.279942 0.134645 0.159639 0.00432982
2 0.734623 0.280341 0.133501 0.160006 0.00386706
4 0.734382 0.280819 0.127816 0.15661 0.00360773
3 0.670638 0.505648 0.287245 0.605043 0.00163677
1 0.740075 0.498959 0.145292 0.607236 0.0011189
