3 0.514643 0.460105 0.779712 0.920211 0.318632
3 0.623514 0.19789 0.50056 0.364382 0.149419
3 0.518485 0.24862 0.684608 0.480001 0.0820564
3 0.144097 0.500289 0.288195 0.999421 0.0316229
3 0.426758 0.119653 0.103148 0.238056 0.00376952
3 0.250196 0.483681 0.496252 0.967363 0.0031299
2 0.514643 0.460105 0.779712 0.920211 0.00268065
3 0.0762658 0.507103 0.152532 0.985794 0.00239421
3 0.605417 0.374872 0.578558 0.749745 0.00223538
3 0.432017 0.0439739 0.0887274 0.0879477 0.0022109
3 0.518692 0.443954 0.630006 0.499987 0.00193327
4 0.623514 0.19789 0.50056 0.364382 0.00132447
3 0.407856 0.197392 0.427721 0.377848 0.00120789
3 0.434259 0.14232 0.204899 0.284641 0.00117227
5 0.623514 0.19789 0.50056 0.364382 0.00108694
