3 0.52614 0.5 0.94772 1 0.957727
3 0.555299 0.330103 0.860515 0.660207 0.180057
3 0.363934 0.500499 0.556537 0.999002 0.0521757
3 0.73941 0.5 0.505338 1 0.019233
3 0.860375 0.50084 0.27925 0.99832 0.00459452
3 0.552345 0.490945 0.664892 0.506886 0.0040109
3 0.543613 0.165235 0.912775 0.33047 0.00262487
2 0.512582 0.5 0.974836 1 0.00235792
4 0.519717 0.500421 0.960565 0.999158 0.00207295
3 0.232868 0.496509 0.465737 0.993019 0.00165701
0 0.512582 0.5 0.974836 1 0.00162534
3 0.400082 0.305705 0.54902 0.593108 0.00116178
