3 0.216492 0.493458 0.363097 0.974259 0.773243
3 0.529596 0.475733 0.940808 0.951465 0.330857
3 0.217127 0.486927 0.348519 0.514369 0.0243716
3 0.516448 0.744794 0.967103 0.510412 0.0219355
2 0.529596 0.475733 0.940808 0.951465 0.0185007
3 0.292089 0.300776 0.528002 0.597215 0.0115133
3 0.457078 0.315812 0.914156 0.631624 0.0101869
3 0.331818 0.45948 0.474064 0.889228 0.00545154
3 0.318359 0.33168 0.141149 0.623121 0.00426375
3 0.222578 0.667132 0.345266 0.601497 0.00388197
0 0.216283 0.497247 0.371115 0.994494 0.00325474
2 0.516658 0.777797 0.966683 0.438419 0.00253122
5 0.216283 0.497247 0.371115 0.994494 0.00241732
2 0.216283 0.497247 0.371115 0.994494 0.00235479
3 0.153494 0.498939 0.306988 0.980869 0.0021854
3 0.240873 0.21892 0.438101 0.418753 0.00213701
4 0.216283 0.497247 0.371115 0.994494 0.00183937
1 0.216283 0.497247 0.371115 0.994494 0.00133362
4 0.5 0.5 1 1 0.00124166
