3 0.5 0.5 1 1 0.975219
3 0.321851 0.497921 0.624814 0.9879 0.142164
3 0.502543 0.766947 0.953494 0.44738 0.11829
3 0.739536 0.504752 0.520927 0.990496 0.0292275
2 0.50233 0.782911 0.962214 0.410509 0.0132135
3 0.926891 0.50615 0.146219 0.985492 0.0114004
3 0.187793 0.5 0.375586 1 0.00838894
2 0.494435 0.5 0.988871 1 0.00760769
3 0.87782 0.5 0.24436 1 0.00620391
3 0.49759 0.321483 0.952754 0.642967 0.00398862
3 0.786142 0.250885 0.422723 0.49261 0.00344715
3 0.506071 0.787048 0.66714 0.378897 0.00314802
3 0.0768283 0.5 0.153657 1 0.00263301
4 0.5 0.508597 1 0.982807 0.00234316
3 0.510238 0.490957 0.675208 0.50762 0.00232872
0 0.494435 0.5 0.988871 1 0.00201026
3 0.504119 0.623749 0.87855 0.742218 0.00180241
2 0.321851 0.497921 0.624814 0.9879 0.00162193
5 0.50233 0.782911 0.962214 0.410509 0.00157245
4 0.50233 0.782911 0.962214 0.410509 0.00116759
1 0.5 0.508597 1 0.982807 0.00115805
