3 0.67911 0.508058 0.534867 0.983883 0.742255
3 0.5 0.5 1 1 0.53034
3 0.0857964 0.780705 0.0851388 0.43859 0.340256
3 0.666362 0.300351 0.534464 0.597819 0.177528
3 0.275004 0.79456 0.0786256 0.388268 0.0320496
3 0.0910918 0.784326 0.15537 0.431347 0.0143581
3 0.681527 0.50134 0.519041 0.518552 0.012644
3 0.899835 0.505438 0.20033 0.989123 0.00767377
3 0.0839431 0.706668 0.0721924 0.325128 0.00746826
3 0.270137 0.750379 0.0606896 0.304448 0.00590262
2 0.5 0.5 1 1 0.00369527
3 0.807562 0.5 0.384876 1 0.00280645
2 0.679336 0.501421 0.547879 0.997159 0.00265347
3 0.137748 0.77971 0.211696 0.431309 0.00264214
3 0.298293 0.783514 0.122007 0.383999 0.00212928
3 0.233166 0.5 0.466331 1 0.00210529
0 0.671751 0.5 0.545536 1 0.00208324
3 0.250718 0.790508 0.127458 0.418985 0.00200573
3 0.124143 0.499114 0.248287 0.992183 0.0018629
5 0.0814133 0.783192 0.0851114 0.431686 0.00183631
4 0.679336 0.501421 0.547879 0.997159 0.00175986
5 0.679336 0.501421 0.547879 0.997159 0.0016792
0 0.0814133 0.783192 0.0851114 0.431686 0.00162739
1 0.0857964 0.780705 0.0851388 0.43859 0.00156217
3 0.0682979 0.501733 0.136596 0.992919 0.00145256
4 0.5 0.5 1 1 0.00119267
0 0.5 0.5 1 1 0.001076
1 0.679336 0.501421 0.547879 0.997159 0.001057
