3 0.5 0.5 1 1 0.934062
3 0.853724 0.5 0.292552 1 0.117283
2 0.5 0.469987 1 0.939974 0.0306647
3 0.931661 0.505907 0.136679 0.988187 0.0260707
3 0.244901 0.499706 0.489801 0.986938 0.0113528
3 0.744235 0.501183 0.51153 0.997635 0.0105593
2 0.244901 0.499706 0.489801 0.986938 0.00523941
3 0.844884 0.387136 0.238776 0.67459 0.00450439
3 0.860176 0.258015 0.177331 0.51158 0.00378397
4 0.5 0.5 1 1 0.0028074
0 0.461749 0.5 0.923498 1 0.00247529
2 0.853724 0.5 0.292552 1 0.00234699
3 0.468846 0.326144 0.937692 0.652287 0.0019659
3 0.499393 0.679256 0.98108 0.589941 0.00160443
3 0.135054 0.500993 0.270109 0.994629 0.00147345
3 0.810582 0.202908 0.276001 0.387144 0.00132531
3 0.0653554 0.493309 0.130711 0.975592 0.00120949
1 0.5 0.469987 1 0.939974 0.00115262
