3 0.483337 0.471279 0.598025 0.942558 0.639718
3 0.471618 0.246315 0.509933 0.492629 0.345801
3 0.474243 0.162005 0.528509 0.30127 0.0292162
3 0.486281 0.45454 0.569686 0.512336 0.00973813
3 0.705404 0.5 0.589191 1 0.00729031
3 0.493038 0.637139 0.169025 0.690772 0.00598827
3 0.939795 0.500982 0.12041 0.989904 0.00463079
2 0.485097 0.471448 0.598067 0.942896 0.00260723
3 0.884194 0.5 0.231612 1 0.00254607
3 0.263232 0.470455 0.526464 0.940911 0.00236829
4 0.477676 0.249324 0.508035 0.484534 0.00217553
5 0.471613 0.248906 0.503683 0.493458 0.00183078
5 0.485097 0.471448 0.598067 0.942896 0.00164265
2 0.477676 0.249324 0.508035 0.484534 0.00162206
0 0.48945 0.489398 0.594455 0.969445 0.00146225
1 0.476184 0.246748 0.524713 0.493495 0.00143088
0 0.471613 0.248906 0.503683 0.493458 0.00134638
3 0.633971 0.137616 0.228768 0.275232 0.00132225
4 0.48945 0.489398 0.594455 0.969445 0.00118153
1 0.485097 0.471448 0.598067 0.942896 0.00117702
