3 0.560613 0.728756 0.21617 0.541535 0.764831
3 0.558107 0.247399 0.329716 0.482407 0.612209
3 0.554587 0.112314 0.327178 0.216071 0.301206
3 0.564359 0.575501 0.195187 0.212534 0.0762621
3 0.564048 0.436138 0.351899 0.853688 0.0357567
0 0.561139 0.727096 0.218461 0.545807 0.00694964
2 0.552077 0.110971 0.329435 0.218425 0.00534691
5 0.558712 0.250197 0.334932 0.487205 0.00517576
0 0.558712 0.250197 0.334932 0.487205 0.00462093
5 0.561139 0.727096 0.218461 0.545807 0.00455927
4 0.55613 0.109382 0.32942 0.211557 0.00417638
3 0.564896 0.707183 0.218913 0.255242 0.00388318
4 0.561139 0.727096 0.218461 0.545807 0.00379474
4 0.558712 0.250197 0.334932 0.487205 0.0036592
5 0.55613 0.109382 0.32942 0.211557 0.00356416
2 0.558712 0.250197 0.334932 0.487205 0.00307877
2 0.561139 0.727096 0.218461 0.545807 0.0030372
0 0.554587 0.112314 0.327178 0.216071 0.00280876
1 0.5591 0.728669 0.217883 0.542067 0.00268428
1 0.558712 0.250197 0.334932 0.487205 0.00261801
3 0.643554 0.2153 0.488925 0.413112 0.00249584
1 0.554587 0.112314 0.327178 0.216071 0.00236438
2 0.565279 0.571778 0.205469 0.21254 0.00119994
3 0.557725 0.113534 0.172278 0.227069 0.00118516
3 0.0490485 0.506657 0.0978607 0.905573 0.00117991
3 0.557477 0.181559 0.332139 0.287873 0.00110934
3 0.468882 0.722296 0.420458 0.528579 0.00106714
4 0.564359 0.575501 0.195187 0.212534 0.00104408
3 0.0281363 0.651782 0.0430557 0.124844 0.00101292
