3 0.613915 0.586121 0.469127 0.827759 0.582737
3 0.625568 0.241419 0.428868 0.46513 0.399192
3 0.568449 0.124578 0.252202 0.249156 0.176865
3 0.50779 0.475757 0.770084 0.951514 0.0208206
3 0.736072 0.333611 0.235756 0.276272 0.0190177
3 0.613723 0.581607 0.457236 0.489185 0.0181102
3 0.56882 0.197117 0.331425 0.394234 0.0104962
3 0.746676 0.591704 0.246808 0.760481 0.00836929
3 0.618854 0.387419 0.470237 0.697844 0.0066242
4 0.631513 0.24152 0.417584 0.451665 0.00327523
2 0.61409 0.585748 0.48145 0.828505 0.00266331
5 0.631513 0.24152 0.417584 0.451665 0.00264068
4 0.568449 0.124578 0.252202 0.249156 0.00254834
0 0.625943 0.24376 0.433496 0.463623 0.00243
5 0.61409 0.585748 0.48145 0.828505 0.00241885
5 0.569871 0.122656 0.255464 0.245312 0.00236949
2 0.631513 0.24152 0.417584 0.451665 0.00230617
0 0.61409 0.585748 0.48145 0.828505 0.00230181
2 0.567491 0.121857 0.269155 0.243714 0.00207254
1 0.631513 0.24152 0.417584 0.451665 0.00175774
0 0.568449 0.124578 0.252202 0.249156 0.00166326
3 0.462328 0.515628 0.178505 0.647533 0.00165106
1 0.613915 0.586121 0.469127 0.827759 0.00153918
1 0.568449 0.124578 0.252202 0.249156 0.00150335
4 0.61409 0.585748 0.48145 0.828505 0.00135552
3 0.82225 0.553757 0.224041 0.800231 0.00112614
