3 0.283213 0.532805 0.321069 0.916957 0.757079
3 0.283771 0.24398 0.330707 0.371039 0.328547
3 0.76363 0.585827 0.463957 0.828345 0.0828777
3 0.284131 0.527492 0.307056 0.513086 0.0428573
3 0.590667 0.510089 0.818667 0.944458 0.0368123
3 0.31787 0.634684 0.256526 0.684952 0.0133494
3 0.291366 0.356127 0.331501 0.580541 0.0110002
2 0.284401 0.518767 0.342525 0.951598 0.0039955
5 0.284401 0.518767 0.342525 0.951598 0.00348516
5 0.284842 0.245944 0.331927 0.367074 0.00332129
4 0.284842 0.245944 0.331927 0.367074 0.00320631
0 0.281728 0.532075 0.334242 0.93585 0.00303626
2 0.2837 0.239218 0.322354 0.36818 0.0028148
3 0.160748 0.532687 0.311425 0.934626 0.0026182
4 0.281728 0.532075 0.334242 0.93585 0.00214108
0 0.284842 0.245944 0.331927 0.367074 0.00203431
1 0.284842 0.245944 0.331927 0.367074 0.00203123
3 0.762361 0.5826 0.429988 0.479771 0.00176489
1 0.284401 0.518767 0.342525 0.951598 0.00162521
3 0.377713 0.516863 0.507882 0.966274 0.00141034
2 0.76363 0.585827 0.463957 0.828345 0.00104439
3 0.761183 0.390141 0.465743 0.376208 0.00103495
