3 0.521836 0.498524 0.424805 0.96144 0.778909
3 0.522103 0.208566 0.400989 0.415564 0.6182
3 0.579311 0.5 0.720787 1 0.0455373
3 0.957796 0.497435 0.0844071 0.983433 0.0394039
3 0.901866 0.471325 0.196268 0.942651 0.0344762
3 0.371574 0.496396 0.704163 0.974224 0.0287674
3 0.521492 0.491865 0.406135 0.515754 0.0222878
3 0.514112 0.301163 0.357735 0.443248 0.0165728
3 0.766683 0.494792 0.420363 0.989584 0.0152527
2 0.196476 0.804702 0.392951 0.378267 0.0124881
3 0.804341 0.476543 0.0768268 0.0509536 0.00771751
3 0.803634 0.489506 0.233208 0.78719 0.00650776
3 0.517197 0.305326 0.360772 0.229388 0.00569895
5 0.522989 0.210265 0.404449 0.4151 0.00491763
3 0.10836 0.496698 0.216719 0.993396 0.00475301
4 0.522989 0.210265 0.404449 0.4151 0.00439629
3 0.969009 0.366143 0.0619817 0.663243 0.0039825
0 0.521024 0.498857 0.429613 0.98585 0.00396246
0 0.520729 0.210554 0.4016 0.413475 0.00359216
2 0.52653 0.501456 0.430791 0.994574 0.00325547
1 0.522989 0.210265 0.404449 0.4151 0.00278976
2 0.522989 0.210265 0.404449 0.4151 0.00263704
3 0.908072 0.926965 0.17584 0.14607 0.00223166
3 0.205896 0.496975 0.411793 0.976584 0.00215913
5 0.521024 0.498857 0.429613 0.98585 0.00206628
3 0.806924 0.476506 0.154221 0.310484 0.00199003
4 0.52653 0.501456 0.430791 0.994574 0.00171377
3 0.96419 0.488357 0.0716203 0.509649 0.00162324
1 0.521024 0.498857 0.429613 0.98585 0.00143643
3 0.931526 0.370444 0.136949 0.667382 0.00142495
3 0.646382 0.171861 0.672614 0.340917 0.00140024
