3 0.494179 0.461799 0.639397 0.892002 0.734706
3 0.485816 0.281819 0.61616 0.563638 0.0680279
3 0.495858 0.452954 0.582633 0.497953 0.0158152
3 0.553919 0.49424 0.892161 0.98848 0.0120016
3 0.252783 0.5 0.505565 1 0.00681692
3 0.774081 0.499404 0.451839 0.998807 0.00270429
0 0.494179 0.461799 0.639397 0.892002 0.00266353
2 0.494179 0.461799 0.639397 0.892002 0.00227814
5 0.494179 0.461799 0.639397 0.892002 0.00219432
4 0.484841 0.306929 0.614563 0.613858 0.00217932
3 0.152752 0.50326 0.305505 0.988318 0.00151076
1 0.484841 0.306929 0.614563 0.613858 0.00145142
