3 0.508603 0.509168 0.976959 0.92273 0.687546
3 0.533347 0.340289 0.870758 0.596362 0.659979
3 0.314452 0.318789 0.428159 0.52825 0.0279404
3 0.314835 0.511285 0.476797 0.911316 0.0185172
3 0.537363 0.170516 0.915442 0.269748 0.00625253
2 0.509161 0.525082 0.981194 0.949835 0.00450627
3 0.703776 0.534085 0.592448 0.93183 0.00358505
4 0.533347 0.340289 0.870758 0.596362 0.00271755
2 0.533347 0.340289 0.870758 0.596362 0.00254941
4 0.509161 0.525082 0.981194 0.949835 0.00254938
5 0.533347 0.340289 0.870758 0.596362 0.0021551
1 0.533347 0.340289 0.870758 0.596362 0.00175217
3 0.519266 0.503566 0.664266 0.485548 0.00173413
0 0.533347 0.340289 0.870758 0.596362 0.00173411
3 0.686118 0.347242 0.582423 0.535632 0.00158636
3 0.500276 0.757963 0.854672 0.484075 0.00155011
0 0.509161 0.525082 0.981194 0.949835 0.00141043
5 0.509161 0.525082 0.981194 0.949835 0.00132584
1 0.51615 0.509978 0.967699 0.924474 0.00124705
