3 0.547259 0.69458 0.202065 0.444054 0.683135
3 0.373786 0.248481 0.737495 0.468823 0.35884
3 0.546784 0.600863 0.208718 0.253251 0.34103
3 0.528625 0.262236 0.94275 0.524472 0.109618
3 0.0355138 0.733529 0.0705085 0.151692 0.0253052
1 0.0355138 0.733529 0.0705085 0.151692 0.0155628
3 0.321465 0.335366 0.64293 0.304356 0.0137907
3 0.633866 0.738212 0.329581 0.485299 0.013293
3 0.759446 0.22145 0.0844548 0.12599 0.0101697
0 0.547992 0.697008 0.20354 0.44589 0.00585647
5 0.547992 0.697008 0.20354 0.44589 0.00559248
2 0.545667 0.599503 0.206509 0.251126 0.00530446
3 0.760154 0.222072 0.117893 0.161284 0.00522307
4 0.547992 0.697008 0.20354 0.44589 0.00488272
5 0.546506 0.59984 0.190703 0.238448 0.00349349
2 0.547992 0.697008 0.20354 0.44589 0.00338227
4 0.548564 0.599053 0.202382 0.241674 0.00322765
3 0.76299 0.204164 0.180571 0.244943 0.00320846
1 0.547992 0.697008 0.20354 0.44589 0.00319253
0 0.548235 0.594955 0.197722 0.229222 0.00315485
3 0.0433721 0.634565 0.0839949 0.352701 0.00251358
1 0.548564 0.599053 0.202382 0.241674 0.00244378
3 0.540882 0.165827 0.904848 0.331654 0.00215471
4 0.373786 0.248481 0.737495 0.468823 0.00191479
3 0.546753 0.723154 0.204091 0.259706 0.00187634
3 0.702876 0.208862 0.524988 0.386862 0.00180669
3 0.74633 0.156285 0.361062 0.297622 0.00171148
2 0.361169 0.249187 0.718029 0.464355 0.00160032
3 0.555935 0.236377 0.648688 0.465343 0.00159748
3 0.0570547 0.637281 0.114109 0.46997 0.00149843
1 0.373786 0.248481 0.737495 0.468823 0.00136468
0 0.361169 0.249187 0.718029 0.464355 0.0013452
5 0.373786 0.248481 0.737495 0.468823 0.00128227
3 0.319846 0.167987 0.634543 0.335974 0.00112951
3 0.409625 0.384232 0.81925 0.53857 0.00109002
