3 0.313828 0.496538 0.352413 0.98206 0.66945
3 0.665416 0.629395 0.0618351 0.114539 0.500247
3 0.263888 0.104296 0.282721 0.194367 0.0487874
3 0.523449 0.5 0.953102 1 0.0290831
3 0.284056 0.234818 0.316967 0.46088 0.0199209
3 0.313292 0.488034 0.32029 0.512055 0.0137809
0 0.663436 0.632194 0.057342 0.120378 0.00754738
3 0.221414 0.5 0.442829 1 0.00529741
1 0.662912 0.631894 0.0591614 0.118374 0.00517952
3 0.795342 0.378451 0.0790863 0.109308 0.004112
5 0.313828 0.496538 0.352413 0.98206 0.0030926
0 0.313828 0.496538 0.352413 0.98206 0.00288452
2 0.313828 0.496538 0.352413 0.98206 0.00265585
3 0.953694 0.53386 0.0926127 0.870145 0.00255502
3 0.656166 0.629296 0.19437 0.160891 0.00244836
3 0.0522753 0.491662 0.104551 0.980825 0.00238707
3 0.0275168 0.593083 0.0550336 0.0891952 0.00203802
5 0.663436 0.632194 0.057342 0.120378 0.0020055
2 0.663436 0.632194 0.057342 0.120378 0.00198356
3 0.337822 0.372045 0.303736 0.631213 0.00191466
4 0.664204 0.631499 0.0613155 0.123059 0.00184475
4 0.313828 0.496538 0.352413 0.98206 0.0015089
1 0.312823 0.496453 0.343163 0.950251 0.00137712
3 0.666517 0.632263 0.0529601 0.0748529 0.00126254
2 0.260393 0.106469 0.284065 0.210367 0.00114459
3 0.894955 0.528781 0.210089 0.942438 0.00101577
