3 0.315461 0.192677 0.240101 0.304212 0.743692
3 0.329161 0.50242 0.22923 0.942493 0.662478
3 0.114525 0.499362 0.229051 0.955194 0.351189
3 0.371863 0.505854 0.365921 0.988293 0.0604756
3 0.32817 0.495066 0.202299 0.511211 0.0266882
3 0.548814 0.827799 0.123599 0.337513 0.0208769
3 0.270848 0.506326 0.374465 0.97063 0.0202226
3 0.605683 0.5 0.761729 1 0.00902627
5 0.315688 0.194335 0.240227 0.300729 0.00873535
4 0.317063 0.194678 0.239707 0.300626 0.00827884
0 0.317063 0.194678 0.239707 0.300626 0.00676424
3 0.114363 0.490039 0.218946 0.513983 0.00593921
2 0.315688 0.194335 0.240227 0.300729 0.00505548
3 0.091666 0.280292 0.136313 0.560583 0.00459741
1 0.317063 0.194678 0.239707 0.300626 0.0044877
3 0.166338 0.477812 0.332677 0.940321 0.00357249
3 0.55339 0.703116 0.105261 0.0684789 0.00352037
5 0.329161 0.50242 0.22923 0.942493 0.0034222
0 0.329161 0.50242 0.22923 0.942493 0.00341151
3 0.523515 0.831075 0.212339 0.327215 0.00271818
3 0.811286 0.501583 0.377428 0.980168 0.00236848
2 0.329161 0.50242 0.22923 0.942493 0.00225557
3 0.324124 0.29884 0.239463 0.406205 0.00220581
3 0.114535 0.367621 0.154805 0.669176 0.00186619
4 0.329161 0.50242 0.22923 0.942493 0.00172769
1 0.328279 0.502208 0.21506 0.91477 0.00172413
3 0.936071 0.492926 0.127858 0.938826 0.00137562
3 0.562818 0.698301 0.114123 0.142062 0.00121831
5 0.114525 0.499362 0.229051 0.955194 0.0011956
3 0.494003 0.950086 0.0956671 0.0997757 0.0011676
3 0.116542 0.637461 0.140216 0.665632 0.00104015
3 0.560859 0.738752 0.110064 0.304265 0.00101215
