3 0.889972 0.559869 0.220056 0.616512 0.7495
3 0.88023 0.335499 0.184821 0.173762 0.159907
3 0.529188 0.501378 0.941624 0.997243 0.0446663
3 0.9455 0.563374 0.109 0.64744 0.00816837
3 0.893936 0.381292 0.205417 0.262255 0.00811739
5 0.888666 0.559453 0.222668 0.632922 0.00655584
3 0.2678 0.49485 0.5356 0.900909 0.00648598
3 0.889296 0.462264 0.221408 0.370574 0.00529706
0 0.890752 0.564589 0.218495 0.629727 0.00417029
4 0.890752 0.564589 0.218495 0.629727 0.00338278
2 0.888666 0.559453 0.222668 0.632922 0.00323014
3 0.0571166 0.729213 0.114233 0.0890594 0.00268539
1 0.888666 0.559453 0.222668 0.632922 0.00248778
3 0.981184 0.565314 0.037632 0.633055 0.0023479
2 0.529188 0.501378 0.941624 0.997243 0.00219776
3 0.0348525 0.731957 0.0645752 0.0859637 0.00196316
3 0.997944 0.563135 0.00411114 0.554744 0.00148546
3 0.0821384 0.717231 0.164277 0.122311 0.00143512
2 0.88023 0.335499 0.184821 0.173762 0.0010036
