3 0.499733 0.5 0.999465 1 0.637793
3 0.499596 0.807015 0.999192 0.3684 0.161467
3 0.266148 0.500887 0.532295 0.998227 0.0634531
3 0.654139 0.506172 0.691723 0.987655 0.0381968
3 0.504572 0.693829 0.878861 0.579312 0.0155847
3 0.867279 0.508477 0.265441 0.964885 0.00955765
3 0.523505 0.323231 0.952989 0.646461 0.00953813
2 0.5 0.523513 1 0.952974 0.00704422
3 0.0818361 0.503802 0.163672 0.992396 0.00516379
2 0.5 0.833229 1 0.322415 0.00251945
3 0.507417 0.838273 0.658332 0.293816 0.00249
0 0.499733 0.5 0.999465 1 0.00221399
3 0.774493 0.510756 0.451014 0.946404 0.00189009
4 0.5 0.523513 1 0.952974 0.00158986
5 0.5 0.523513 1 0.952974 0.00134374
4 0.499596 0.807015 0.999192 0.3684 0.00115068
