3 0.567028 0.435707 0.104054 0.122135 0.492453
3 0.530236 0.658526 0.175042 0.436565 0.392108
3 0.535599 0.523207 0.094108 0.126426 0.321783
3 0.494021 0.719829 0.0993154 0.303853 0.237137
3 0.534618 0.519107 0.139461 0.257665 0.125583
3 0.534895 0.516656 0.120982 0.176878 0.0759073
3 0.559961 0.489207 0.132778 0.254465 0.0423139
3 0.514857 0.69326 0.128401 0.347831 0.0316984
3 0.493304 0.251588 0.982098 0.496878 0.0220288
3 0.462809 0.462927 0.925618 0.895958 0.0147488
3 0.528391 0.454517 0.621285 0.602162 0.0134484
3 0.556855 0.445937 0.175217 0.16159 0.0110756
3 0.527516 0.514917 0.237734 0.298632 0.00959098
3 0.502744 0.63502 0.11239 0.193105 0.0088281
3 0.497503 0.628718 0.0821546 0.112639 0.00750323
3 0.486945 0.657303 0.287155 0.462728 0.00496165
3 0.523539 0.536364 0.178359 0.18364 0.00409121
1 0.56598 0.437466 0.107638 0.124205 0.00407582
0 0.565899 0.437145 0.105913 0.126347 0.00354596
2 0.565988 0.439625 0.108788 0.11739 0.00352957
1 0.535029 0.525485 0.0958693 0.130519 0.00338115
5 0.56596 0.436849 0.110405 0.125597 0.00319402
0 0.535538 0.660289 0.193997 0.44181 0.00298032
3 0.566368 0.611184 0.213319 0.483186 0.00268902
3 0.932447 0.497688 0.135106 0.944658 0.00268901
0 0.53663 0.523115 0.0974525 0.125537 0.00265286
3 0.547282 0.526834 0.158669 0.124705 0.00259863
4 0.566352 0.436903 0.109523 0.113732 0.00248741
5 0.535538 0.660289 0.193997 0.44181 0.00201737
1 0.529535 0.65891 0.180012 0.439559 0.00185817
2 0.529408 0.526552 0.0933937 0.125323 0.00173921
3 0.319597 0.253581 0.618674 0.472881 0.00169762
1 0.494345 0.720877 0.0989701 0.296865 0.00168968
3 0.274681 0.503298 0.549363 0.993405 0.00164031
5 0.535029 0.525485 0.0958693 0.130519 0.00155933
4 0.535029 0.525485 0.0958693 0.130519 0.00152222
4 0.535538 0.660289 0.193997 0.44181 0.0014944
3 0.505331 0.722162 0.198918 0.32037 0.00146912
3 0.516642 0.583692 0.123881 0.228965 0.00144005
3 0.481765 0.605974 0.479602 0.590432 0.00129152
1 0.534618 0.519107 0.139461 0.257665 0.00123717
2 0.535538 0.660289 0.193997 0.44181 0.0010937
2 0.494345 0.720877 0.0989701 0.296865 0.00105605
5 0.494345 0.720877 0.0989701 0.296865 0.00102128
0 0.494021 0.719829 0.0993154 0.303853 0.00100494
