3 0.602946 0.48988 0.484733 0.966983 0.519917
3 0.563627 0.208477 0.415822 0.416824 0.338876
2 0.497193 0.897606 0.915018 0.204787 0.0212084
3 0.460731 0.497578 0.776214 0.995157 0.0170216
3 0.497193 0.897606 0.915018 0.204787 0.0165212
3 0.593561 0.615406 0.203374 0.677859 0.0116507
3 0.575517 0.456983 0.462698 0.502702 0.00640337
5 0.416403 0.901337 0.724627 0.195074 0.00613352
3 0.550958 0.30801 0.344085 0.550472 0.0059472
3 0.918248 0.492871 0.163503 0.9618 0.00471858
5 0.56246 0.213022 0.418394 0.419178 0.00242006
4 0.565013 0.210008 0.421288 0.414329 0.00225584
2 0.60165 0.495988 0.488449 0.991975 0.00209847
3 0.577088 0.131669 0.415719 0.263338 0.00207521
3 0.804894 0.5 0.390212 1 0.00182061
3 0.696328 0.14852 0.18321 0.297039 0.00179504
0 0.60165 0.495988 0.488449 0.991975 0.00170951
3 0.743839 0.157467 0.0930898 0.284311 0.00163119
0 0.56246 0.213022 0.418394 0.419178 0.00162105
1 0.565013 0.210008 0.421288 0.414329 0.00155252
2 0.56246 0.213022 0.418394 0.419178 0.00154516
4 0.497193 0.897606 0.915018 0.204787 0.00150264
5 0.575581 0.465542 0.49005 0.931084 0.00147337
3 0.640665 0.683508 0.170421 0.589324 0.00134207
3 0.893805 0.176616 0.0933497 0.0724877 0.00120409
3 0.53751 0.910509 0.630368 0.160538 0.0010986
1 0.576027 0.465901 0.480612 0.916546 0.00104996
3 0.0603045 0.497668 0.120609 0.995336 0.00101641
