3 0.888331 0.457157 0.209827 0.282531 0.579914
3 0.941185 0.934912 0.113186 0.127868 0.48404
3 0.887578 0.643323 0.224843 0.7081 0.0256119
0 0.941185 0.934912 0.113186 0.127868 0.0117274
3 0.0821709 0.86833 0.164342 0.263341 0.010834
5 0.889663 0.457819 0.215365 0.283658 0.0101669
0 0.889733 0.457341 0.216236 0.284409 0.00792694
4 0.889663 0.457819 0.215365 0.283658 0.00623425
3 0.881263 0.532662 0.226336 0.420843 0.00614534
5 0.941185 0.934912 0.113186 0.127868 0.00580476
1 0.94245 0.934553 0.113498 0.13073 0.00494896
2 0.889663 0.457819 0.215365 0.283658 0.00486599
1 0.889733 0.457341 0.216236 0.284409 0.00400676
2 0.941185 0.934912 0.113186 0.127868 0.00370049
4 0.941185 0.934912 0.113186 0.127868 0.00316729
3 0.499538 0.886427 0.982814 0.227146 0.00193543
3 0.5 0.5 1 1 0.00172323
3 0.945311 0.734038 0.109377 0.531924 0.0014308
3 0.13727 0.8649 0.27454 0.2702 0.00140836
3 0.838216 0.457427 0.220803 0.29658 0.00131008
3 0.748426 0.919812 0.503149 0.160377 0.00125578
3 0.934508 0.643264 0.130984 0.624077 0.0011255
