2 0.818457 0.552879 0.334297 0.563324 0.905498
2 0.318531 0.634089 0.336249 0.653154 0.886124
2 0.560777 0.450674 0.25547 0.420023 0.786846
2 0.142586 0.450019 0.170682 0.378422 0.632096
2 0.76339 0.205204 0.222481 0.172849 0.0476402
2 0.411153 0.31281 0.179294 0.171395 0.0296027
2 0.0598478 0.383081 0.101544 0.242916 0.0284352
2 0.0396536 0.172873 0.0682002 0.10036 0.0196453
2 0.283931 0.278649 0.108543 0.126637 0.0168731
2 0.130811 0.174675 0.120181 0.0664002 0.00938395
0 0.560777 0.450674 0.25547 0.420023 0.00830569
2 0.388653 0.327321 0.123143 0.159985 0.00821183
0 0.319033 0.635449 0.338269 0.638765 0.00769238
0 0.818164 0.553647 0.335403 0.541983 0.00766153
0 0.142801 0.451394 0.176735 0.375691 0.00716315
4 0.820822 0.552806 0.342412 0.54069 0.005745
5 0.820822 0.552806 0.342412 0.54069 0.0057321
4 0.560777 0.450674 0.25547 0.420023 0.00563251
2 0.678908 0.351821 0.0540438 0.161419 0.00550935
5 0.560777 0.450674 0.25547 0.420023 0.00466443
3 0.820822 0.552806 0.342412 0.54069 0.00460789
4 0.142885 0.449802 0.177453 0.373967 0.00451297
5 0.319033 0.635449 0.338269 0.638765 0.00446524
2 0.572215 0.079424 0.266666 0.127313 0.00422127
3 0.560777 0.450674 0.25547 0.420023 0.00418994
3 0.142801 0.451394 0.176735 0.375691 0.00415207
2 0.31747 0.523515 0.282298 0.418236 0.00412623
5 0.142801 0.451394 0.176735 0.375691 0.00410406
1 0.142801 0.451394 0.176735 0.375691 0.00401971
4 0.323357 0.635221 0.353913 0.631649 0.00400423
1 0.560777 0.450674 0.25547 0.420023 0.00395579
2 0.0784361 0.365482 0.0633753 0.229527 0.00391835
3 0.319033 0.635449 0.338269 0.638765 0.00390759
2 0.182746 0.452537 0.104749 0.364429 0.00341349
1 0.820822 0.552806 0.342412 0.54069 0.00325654
2 0.196073 0.369541 0.0578158 0.19606 0.0028
2 0.474017 0.989751 0.948035 0.0204985 0.00274824
2 0.436358 0.261159 0.165146 0.0842707 0.00270887
1 0.323357 0.635221 0.353913 0.631649 0.00269544
2 0.577695 0.532207 0.233205 0.659759 0.00255075
2 0.0259291 0.287683 0.0467613 0.151355 0.00224578
2 0.10819 0.166777 0.158392 0.0837245 0.00216187
2 0.20151 0.452017 0.057444 0.338534 0.00207452
2 0.124277 0.219718 0.117528 0.107196 0.0014821
2 0.249974 0.27281 0.130959 0.122681 0.0014626
2 0.447542 0.280417 0.158331 0.110763 0.00145588
2 0.0879645 0.380421 0.175929 0.288567 0.00134047
2 0.323484 0.612794 0.32527 0.34553 0.00133827
2 0.826806 0.536498 0.325559 0.352994 0.00126454
2 0.439024 0.622915 0.122156 0.553595 0.00117861
2 0.55562 0.0760321 0.52897 0.152064 0.00116245
2 0.300528 0.297473 0.104019 0.117353 0.00109075
2 0.231257 0.161138 0.104046 0.107308 0.00108641
2 0.153006 0.388921 0.148018 0.267416 0.00106847
2 0.23112 0.103518 0.115527 0.126022 0.00103244
2 0.130728 0.529009 0.173491 0.358129 0.00102685
