3 0.470813 0.54156 0.725561 0.872675 0.783689
3 0.494831 0.533772 0.628117 0.501889 0.0116927
2 0.470813 0.54156 0.725561 0.872675 0.00521952
3 0.248767 0.509566 0.497534 0.980868 0.00467068
0 0.493635 0.540855 0.751582 0.883101 0.00354455
3 0.442438 0.361398 0.633266 0.525328 0.003039
3 0.5 0.0950537 1 0.190107 0.00299483
4 0.493635 0.540855 0.751582 0.883101 0.00292076
5 0.470813 0.54156 0.725561 0.872675 0.00218168
3 0.148924 0.509137 0.297849 0.954115 0.00157901
1 0.493635 0.540855 0.751582 0.883101 0.00153951
3 0.732807 0.5412 0.292143 0.868023 0.00137171
3 0.689524 0.73957 0.236871 0.414512 0.00125396
3 0.753906 0.515389 0.492188 0.909102 0.0011695
3 0.285549 0.530302 0.571097 0.912648 0.00114522
