2 0.502516 0.588467 0.994968 0.815648 0.937709
3 0.5 0.579206 1 0.790847 0.00913631
2 0.75618 0.984062 0.071644 0.0313443 0.00553493
2 0.515694 0.584054 0.670435 0.49319 0.00508266
2 0.732144 0.594089 0.535711 0.765334 0.00497134
4 0.5 0.579206 1 0.790847 0.00420773
0 0.886771 0.323831 0.0130243 0.0371831 0.00394491
2 0.301445 0.598214 0.602891 0.767671 0.00273412
2 0.513748 0.735122 0.945964 0.503794 0.00190044
0 0.886791 0.322478 0.0199757 0.0435286 0.00187086
1 0.527778 0.590717 0.887187 0.818565 0.00174963
5 0.5 0.579206 1 0.790847 0.00163401
0 0.5 0.579206 1 0.790847 0.00147902
0 0.998212 0.587003 0.00357709 0.524102 0.00136552
2 0.937839 0.588743 0.124322 0.757955 0.00106905
