2 0.5 0.611335 1 0.745461 0.545006
2 0.732384 0.636445 0.535233 0.722677 0.528402
2 0.278708 0.621006 0.539178 0.712674 0.513952
3 0.5 0.620847 1 0.718812 0.124517
3 0.548885 0.679858 0.0388265 0.0941622 0.0170947
3 0.732384 0.636445 0.535233 0.722677 0.0141786
3 0.497407 0.14392 0.934746 0.28784 0.00985797
2 0.73445 0.0793354 0.238455 0.157658 0.00338228
3 0.547034 0.673495 0.061432 0.150648 0.00320592
4 0.732384 0.636445 0.535233 0.722677 0.00318699
0 0.732384 0.636445 0.535233 0.722677 0.00292491
3 0.287227 0.628316 0.569498 0.718368 0.00276623
5 0.732384 0.636445 0.535233 0.722677 0.00274021
4 0.5 0.620847 1 0.718812 0.00242817
4 0.284573 0.622257 0.569146 0.700995 0.00216836
1 0.738805 0.633984 0.522391 0.731469 0.00216092
5 0.276321 0.618983 0.552641 0.709161 0.00205906
0 0.284573 0.622257 0.569146 0.700995 0.0017875
0 0.5 0.611335 1 0.745461 0.00173956
3 0.70572 0.0750897 0.168264 0.150179 0.00173346
5 0.5 0.611335 1 0.745461 0.00156572
1 0.284573 0.622257 0.569146 0.700995 0.00136176
2 0.689275 0.0741333 0.142105 0.148267 0.00133165
1 0.5 0.620847 1 0.718812 0.00117526
0 0.998162 0.636352 0.00367561 0.527006 0.00106017
2 0.95063 0.615607 0.0987392 0.768786 0.00101644
