2 0.5 0.524412 1 0.620207 0.690517
2 0.503554 0.940253 0.869981 0.119495 0.0567118
2 0.670813 0.558535 0.658374 0.597627 0.0201389
2 0.443299 0.0680525 0.10068 0.131896 0.0112559
2 0.510298 0.946621 0.64778 0.106759 0.00862489
2 0.504182 0.530874 0.669073 0.509862 0.00850621
2 0.885177 0.939022 0.207399 0.114538 0.0071731
3 0.5 0.524412 1 0.620207 0.00692429
2 0.281614 0.536199 0.563227 0.579588 0.00680914
2 0.109423 0.940023 0.169505 0.119755 0.00641961
2 0.343612 0.0577558 0.110434 0.100631 0.00564438
2 0.264122 0.954032 0.171398 0.0919357 0.00550487
4 0.5 0.532168 1 0.597437 0.00531864
2 0.458674 0.0686735 0.180847 0.137347 0.00517196
2 0.55392 0.202376 0.133955 0.184741 0.00428623
2 0.735761 0.946883 0.143903 0.106235 0.00352714
2 0.571213 0.0742114 0.185069 0.148423 0.00275911
2 0.549631 0.209208 0.267593 0.195588 0.00250896
0 0.5 0.524412 1 0.620207 0.00249155
5 0.5 0.524412 1 0.620207 0.00226798
2 0.788793 0.947033 0.241222 0.105934 0.0021358
2 0.801838 0.9415 0.363465 0.117 0.00209783
2 0.951612 0.939102 0.0967759 0.121796 0.00184551
2 0.639157 0.945684 0.153689 0.108632 0.00182695
2 0.340237 0.952418 0.298718 0.0951646 0.00167881
2 0.362203 0.945738 0.584791 0.108524 0.00153672
2 0.690043 0.938244 0.566245 0.123511 0.0014034
1 0.497051 0.531976 0.887454 0.59647 0.0013281
2 0.73787 0.0983304 0.240947 0.167267 0.00126167
2 0.57981 0.0693943 0.113402 0.138789 0.00121778
2 0.340511 0.0602575 0.161516 0.118097 0.00119991
2 0.713874 0.088073 0.381732 0.16493 0.00112898
2 0.816668 0.937147 0.0966753 0.0984405 0.00110603
