3 0.28597 0.571131 0.14554 0.178426 0.833878
3 0.538885 0.558153 0.92223 0.747119 0.0336458
5 0.288122 0.571764 0.141114 0.175488 0.00463282
0 0.287829 0.570678 0.140672 0.177229 0.00441173
1 0.286343 0.571214 0.146045 0.178313 0.0043053
2 0.286547 0.57144 0.144855 0.179013 0.00413752
4 0.288122 0.571764 0.141114 0.175488 0.00399823
3 0.293765 0.739599 0.152112 0.520359 0.00298339
2 0.945243 0.692863 0.109514 0.551761 0.00262992
2 0.500493 0.142022 0.889096 0.284045 0.00189405
3 0.285058 0.625129 0.143916 0.257361 0.00124379
3 0.945415 0.668905 0.109169 0.599696 0.00122249
