2 0.704468 0.710192 0.237644 0.344862 0.302407
2 0.299105 0.604371 0.200793 0.256682 0.266617
2 0.455371 0.654319 0.296949 0.324154 0.188815
2 0.142655 0.590739 0.15835 0.19609 0.118686
4 0.300759 0.599625 0.18258 0.258455 0.0860629
2 0.599284 0.678294 0.162228 0.308736 0.0792656
2 0.874964 0.81255 0.182664 0.360605 0.0400839
2 0.646526 0.682448 0.295301 0.310284 0.0370684
2 0.865599 0.738294 0.145421 0.211386 0.0302873
2 0.726995 0.727001 0.155689 0.333801 0.0245885
2 0.529717 0.665473 0.353566 0.339961 0.02055
2 0.116056 0.571328 0.19469 0.251848 0.0140601
2 0.169267 0.596893 0.25333 0.225595 0.0128394
2 0.357623 0.638976 0.333135 0.339044 0.0121873
4 0.171882 0.591327 0.162053 0.20218 0.00785783
2 0.790675 0.749614 0.306642 0.361944 0.0044065
2 0.736211 0.767687 0.204669 0.430377 0.00407532
3 0.878929 0.812982 0.169551 0.336158 0.00386215
0 0.298283 0.601174 0.195305 0.256541 0.00292576
2 0.0863401 0.555961 0.12581 0.249731 0.0027976
1 0.298283 0.601174 0.195305 0.256541 0.00279754
3 0.298283 0.601174 0.195305 0.256541 0.00278227
2 0.180209 0.601795 0.136879 0.20445 0.00259033
5 0.298283 0.601174 0.195305 0.256541 0.00258178
2 0.4817 0.176985 0.0655967 0.143641 0.0025595
4 0.698642 0.710106 0.249418 0.344366 0.00247875
2 0.821442 0.809296 0.277749 0.381408 0.00232591
0 0.698642 0.710106 0.249418 0.344366 0.00223957
4 0.878929 0.812982 0.169551 0.336158 0.00194138
2 0.244831 0.594392 0.277118 0.247806 0.00175577
4 0.455371 0.654319 0.296949 0.324154 0.00174093
5 0.698642 0.710106 0.249418 0.344366 0.00164916
1 0.698642 0.710106 0.249418 0.344366 0.00163697
5 0.878929 0.812982 0.169551 0.336158 0.00155387
2 0.184674 0.428912 0.104723 0.16771 0.00151809
3 0.698642 0.710106 0.249418 0.344366 0.00147561
2 0.461864 0.655508 0.165322 0.314572 0.00141259
4 0.729516 0.719686 0.154638 0.349831 0.00123981
2 0.671216 0.75413 0.288397 0.456126 0.00123545
0 0.455371 0.654319 0.296949 0.324154 0.00121606
1 0.455371 0.654319 0.296949 0.324154 0.00115053
5 0.455371 0.654319 0.296949 0.324154 0.00114151
0 0.729516 0.719686 0.154638 0.349831 0.00108245
1 0.729516 0.719686 0.154638 0.349831 0.00104035
2 0.98107 0.34356 0.0378591 0.572507 0.00103412
