2 0.376739 0.591482 0.749012 0.350343 0.299841
2 0.744451 0.618356 0.204047 0.243129 0.146133
2 0.5 0.844808 1 0.284408 0.0696409
4 0.741092 0.617562 0.19624 0.251191 0.0466575
2 0.5 0.684177 1 0.631646 0.022448
2 0.870245 0.610844 0.083264 0.184101 0.0122321
4 0.376739 0.591482 0.749012 0.350343 0.00956753
2 0.784666 0.620953 0.11313 0.228116 0.00608473
0 0.744451 0.618356 0.204047 0.243129 0.00220456
3 0.741092 0.617562 0.19624 0.251191 0.00211804
2 0.5 0.910961 1 0.178078 0.00199935
2 0.696359 0.618047 0.13052 0.250465 0.00199588
3 0.376739 0.591482 0.749012 0.350343 0.00195616
5 0.376739 0.591482 0.749012 0.350343 0.00174
5 0.740355 0.620646 0.199443 0.246769 0.00166046
1 0.744451 0.618356 0.204047 0.243129 0.00160974
2 0.512328 0.847595 0.645799 0.224675 0.00136169
1 0.376739 0.591482 0.749012 0.350343 0.00121794
2 0.548099 0.586505 0.611201 0.344361 0.00112845
