2 0.5 0.837167 1 0.325665 0.0352367
2 0.76023 0.583918 0.300968 0.242753 0.0091874
2 0.491788 0.745868 0.890547 0.508265 0.00651964
2 0.472184 0.586944 0.0915501 0.184942 0.00238163
2 0.841932 0.583368 0.157508 0.221524 0.00166398
2 0.472432 0.635234 0.0725369 0.0579798 0.0015363
2 0.486355 0.63745 0.213479 0.118932 0.00146581
2 0.485748 0.646681 0.734238 0.458933 0.00138369
2 0.478357 0.591025 0.202704 0.233737 0.00133541
2 0.630734 0.57388 0.128104 0.204705 0.00122616
2 0.478268 0.64603 0.55113 0.347492 0.00104528
