4 0.671435 0.618693 0.150967 0.256197 0.777378
4 0.231686 0.49593 0.233122 0.283723 0.01966
3 0.671055 0.617159 0.158825 0.2523 0.00878353
2 0.671055 0.617159 0.158825 0.2523 0.00869919
0 0.673181 0.617055 0.162616 0.250511 0.00612284
5 0.671055 0.617159 0.158825 0.2523 0.00586122
1 0.671055 0.617159 0.158825 0.2523 0.00507142
4 0.347129 0.4827 0.586234 0.349082 0.00359997
5 0.0545945 0.772537 0.109189 0.454927 0.00196252
3 0.980238 0.792299 0.0385326 0.0829914 0.00184502
5 0.0541589 0.504176 0.108318 0.875676 0.00177181
2 0.231686 0.49593 0.233122 0.283723 0.00161927
2 0.347129 0.4827 0.586234 0.349082 0.00110207
