1 0.877452 0.699499 0.038931 0.220369 0.886054
1 0.91729 0.770571 0.0498635 0.238726 0.868213
1 0.293671 0.116358 0.0237583 0.0986376 0.835
1 0.962473 0.85756 0.0620557 0.270317 0.815364
1 0.77941 0.521576 0.0246027 0.145501 0.675858
1 0.84715 0.64492 0.0361092 0.198101 0.650589
1 0.821305 0.603138 0.0323539 0.179356 0.643741
1 0.7667 0.49134 0.0216286 0.122811 0.471656
1 0.773274 0.508368 0.0268409 0.148325 0.338253
1 0.738519 0.429837 0.0210566 0.106529 0.334785
1 0.792635 0.547843 0.0356456 0.175398 0.306856
1 0.759765 0.471318 0.0228085 0.108268 0.296841
1 0.75275 0.456506 0.0194613 0.107011 0.239394
1 0.733566 0.420095 0.0204955 0.107065 0.228183
1 0.800025 0.567221 0.0297731 0.171899 0.169241
1 0.742724 0.437436 0.0204609 0.108592 0.162642
4 0.696559 0.132765 0.0980902 0.107637 0.128728
1 0.746589 0.445099 0.0194988 0.104386 0.117855
1 0.713743 0.278973 0.0117742 0.0681537 0.0448281
1 0.726652 0.395998 0.0161987 0.0974817 0.0404249
1 0.756772 0.467146 0.0316922 0.133577 0.0340873
1 0.781729 0.532744 0.0208352 0.102676 0.0274744
0 0.820944 0.6026 0.0317488 0.17612 0.0258935
1 0.728787 0.412285 0.0154744 0.0985533 0.0207026
1 0.738882 0.44224 0.0155335 0.0901903 0.0196772
0 0.876814 0.699124 0.0410572 0.21703 0.0191032
1 0.766516 0.467885 0.0168571 0.0951712 0.0169104
1 0.714725 0.288975 0.016063 0.0844682 0.0160909
0 0.846825 0.644993 0.0340937 0.194532 0.015013
0 0.916707 0.771343 0.0501519 0.240991 0.0142788
1 0.859396 0.665666 0.0447367 0.221953 0.0128865
3 0.962469 0.858315 0.0621673 0.271491 0.0119545
3 0.876814 0.699124 0.0410572 0.21703 0.011761
2 0.961644 0.854367 0.0586129 0.255333 0.011531
3 0.916707 0.771343 0.0501519 0.240991 0.0108697
2 0.92883 0.153651 0.142339 0.0893942 0.0105384
5 0.961644 0.854367 0.0586129 0.255333 0.00930271
2 0.8765 0.699498 0.0381401 0.216014 0.00907169
2 0.696033 0.132912 0.0940121 0.106055 0.0086133
5 0.916707 0.771343 0.0501519 0.240991 0.00848415
5 0.877146 0.697856 0.0411427 0.212884 0.00789695
0 0.778241 0.512927 0.0279058 0.156946 0.00781562
1 0.719404 0.350688 0.0221832 0.188629 0.00744408
1 0.82157 0.609935 0.0283373 0.107552 0.0072225
2 0.916418 0.769547 0.0500835 0.240637 0.00714737
2 0.706605 0.156854 0.114745 0.115584 0.00713032
0 0.962469 0.858315 0.0621673 0.271491 0.00703776
2 0.928178 0.197409 0.143643 0.209391 0.00675808
4 0.293453 0.115773 0.025381 0.100322 0.00635781
2 0.293453 0.115773 0.025381 0.100322 0.00573387
3 0.846825 0.644993 0.0340937 0.194532 0.00565417
0 0.293453 0.115773 0.025381 0.100322 0.00561144
4 0.962319 0.861769 0.0570217 0.252561 0.00556884
1 0.721924 0.382847 0.0165735 0.0996627 0.00556506
4 0.877443 0.699997 0.0381147 0.215945 0.00555435
3 0.29412 0.115232 0.0255321 0.101888 0.00545799
3 0.821697 0.599445 0.0310382 0.176037 0.00543989
2 0.821216 0.602487 0.0318665 0.180527 0.00529372
4 0.918254 0.766016 0.0444221 0.237935 0.00495633
0 0.793906 0.549186 0.036057 0.180778 0.00494355
1 0.798355 0.54005 0.0237238 0.13248 0.00475559
1 0.847101 0.64806 0.0255168 0.0991736 0.00460264
5 0.84674 0.644227 0.0347181 0.201344 0.00453746
4 0.679852 0.125716 0.065148 0.0935709 0.00449992
2 0.84674 0.644227 0.0347181 0.201344 0.00448342
1 0.831493 0.608004 0.0442876 0.201713 0.00448242
5 0.29412 0.115232 0.0255321 0.101888 0.00424927
2 0.730902 0.412091 0.0189724 0.115205 0.004161
1 0.785276 0.515969 0.0276878 0.125157 0.00408977
4 0.848417 0.652616 0.0351163 0.191728 0.0040389
3 0.777919 0.512569 0.0277947 0.155252 0.00401697
0 0.696033 0.132912 0.0940121 0.106055 0.00382471
5 0.82106 0.600978 0.031389 0.174058 0.00372467
5 0.777919 0.512569 0.0277947 0.155252 0.00370846
4 0.777919 0.512569 0.0277947 0.155252 0.00353876
2 0.777919 0.512569 0.0277947 0.155252 0.00325507
5 0.698661 0.13303 0.099866 0.107244 0.00305843
1 0.87817 0.705137 0.0299417 0.0991573 0.00303073
2 0.76579 0.215578 0.0638096 0.0968122 0.00295049
4 0.821216 0.602487 0.0318665 0.180527 0.00291938
2 0.726652 0.395998 0.0161987 0.0974817 0.00278203
1 0.728995 0.402779 0.0253686 0.125472 0.00270241
1 0.811045 0.585752 0.0332468 0.156683 0.00244642
1 0.753155 0.478937 0.0171303 0.0996097 0.00239713
3 0.766352 0.491448 0.0215642 0.121196 0.00228144
0 0.764027 0.487636 0.0259459 0.136791 0.00221378
2 0.742166 0.435536 0.0199886 0.11137 0.00220026
1 0.792749 0.538038 0.024969 0.105538 0.00204556
0 0.80121 0.566232 0.0321842 0.178927 0.00194403
3 0.793906 0.549186 0.036057 0.180778 0.00190537
4 0.793906 0.549186 0.036057 0.180778 0.00184642
2 0.793906 0.549186 0.036057 0.180778 0.00176025
4 0.706605 0.156854 0.114745 0.115584 0.00173586
1 0.776662 0.498334 0.0268257 0.109239 0.0017094
5 0.766352 0.491448 0.0215642 0.121196 0.00167496
5 0.793906 0.549186 0.036057 0.180778 0.0016542
0 0.742166 0.435536 0.0199886 0.11137 0.00163658
4 0.766352 0.491448 0.0215642 0.121196 0.00162932
1 0.347492 0.117177 0.0218477 0.0870046 0.00162912
3 0.697348 0.132203 0.0966929 0.108047 0.00162756
1 0.800802 0.56165 0.0214454 0.105315 0.00160875
0 0.737318 0.427485 0.0232217 0.113449 0.00154118
1 0.849743 0.618308 0.0278233 0.189636 0.00144712
2 0.764027 0.487636 0.0259459 0.136791 0.00140963
1 0.838307 0.637788 0.0412227 0.17638 0.00138985
1 0.717073 0.380251 0.0165085 0.0968525 0.00136849
1 0.765921 0.51462 0.0192416 0.093525 0.0012655
1 0.713375 0.267679 0.0144344 0.0569012 0.00122681
1 0.696625 0.134703 0.0999178 0.107047 0.00121758
3 0.80121 0.566232 0.0321842 0.178927 0.00117739
1 0.851853 0.601855 0.0232346 0.106916 0.00113966
1 0.875699 0.694375 0.0578981 0.265325 0.00109586
0 0.772742 0.500937 0.0258514 0.12951 0.00109449
1 0.782855 0.545647 0.026009 0.143332 0.00109441
3 0.73836 0.430362 0.0212565 0.105178 0.00107419
3 0.772742 0.500937 0.0258514 0.12951 0.0010484
2 0.737318 0.427485 0.0232217 0.113449 0.00104226
5 0.742166 0.435536 0.0199886 0.11137 0.00103709
