1 0.893709 0.642386 0.036618 0.187819 0.944129
1 0.754784 0.599282 0.0299702 0.174289 0.934096
1 0.642532 0.56847 0.027255 0.161356 0.906729
1 0.456863 0.511365 0.029621 0.136321 0.895187
1 0.539294 0.539054 0.0224756 0.149131 0.878034
1 0.295839 0.463663 0.0173753 0.117608 0.559585
1 0.23737 0.445318 0.0173816 0.115628 0.397377
1 0.359577 0.48095 0.0266195 0.129608 0.348354
2 0.358431 0.481664 0.0256165 0.129801 0.0869104
2 0.296502 0.462633 0.0183668 0.117309 0.0610951
1 0.367951 0.48833 0.0362764 0.130711 0.0382386
2 0.456403 0.511286 0.0301053 0.137776 0.016954
2 0.236259 0.441471 0.0214811 0.129853 0.0133532
2 0.754502 0.599117 0.0290312 0.175492 0.0131639
0 0.456403 0.511286 0.0301053 0.137776 0.0116564
0 0.754815 0.600268 0.0289867 0.171178 0.0116
0 0.64249 0.570084 0.0262939 0.157751 0.0115834
2 0.761833 0.207705 0.177131 0.129496 0.0112814
2 0.539844 0.538157 0.0231298 0.151399 0.0108911
2 0.893113 0.642185 0.0356184 0.188748 0.0105883
3 0.456291 0.513498 0.0302519 0.135602 0.00881148
2 0.642661 0.568014 0.0263051 0.16368 0.00878933
0 0.893348 0.64383 0.0361922 0.190037 0.00873728
4 0.456403 0.511286 0.0301053 0.137776 0.00873262
4 0.7547 0.599292 0.0288216 0.174289 0.00789417
3 0.642661 0.568014 0.0263051 0.16368 0.00783152
4 0.642661 0.568014 0.0263051 0.16368 0.00770799
4 0.89339 0.642079 0.036185 0.18927 0.00760943
3 0.754339 0.600423 0.0289479 0.173936 0.00760487
3 0.893279 0.644163 0.0358842 0.187464 0.00754533
5 0.754815 0.600268 0.0289867 0.171178 0.00748467
5 0.89309 0.643681 0.0360246 0.18569 0.00730278
0 0.539777 0.538056 0.0214314 0.145982 0.00683242
5 0.642462 0.569422 0.0262922 0.161557 0.00638166
2 0.370863 0.494344 0.0344056 0.113014 0.00635416
5 0.457057 0.51266 0.0299154 0.133494 0.00594774
3 0.296605 0.460987 0.0181669 0.117004 0.00510402
1 0.376727 0.496722 0.0284546 0.114637 0.00471649
4 0.539503 0.539237 0.0235467 0.153917 0.004669
3 0.539958 0.536794 0.0215483 0.145051 0.00458369
3 0.362285 0.482616 0.0316271 0.127426 0.00386445
5 0.539844 0.538177 0.0218971 0.151597 0.00368787
0 0.295839 0.463663 0.0173753 0.117608 0.00336716
0 0.237076 0.446232 0.017294 0.116059 0.00286146
3 0.237396 0.445249 0.0168334 0.115014 0.00267229
1 0.236119 0.438446 0.0264412 0.129273 0.0026639
0 0.359577 0.48095 0.0266195 0.129608 0.00246677
5 0.295943 0.463981 0.0175591 0.118316 0.00217397
4 0.295943 0.463981 0.0175591 0.118316 0.00209349
4 0.359577 0.48095 0.0266195 0.129608 0.0016566
5 0.359247 0.480873 0.0250385 0.122548 0.00149273
5 0.237076 0.446232 0.017294 0.116059 0.00149179
2 0.182071 0.727639 0.293436 0.526563 0.00130916
2 0.379182 0.515377 0.023856 0.0715557 0.00125867
4 0.237396 0.445249 0.0168334 0.115014 0.00122516
1 0.379182 0.515377 0.023856 0.0715557 0.00117449
