1 0.49268 0.483781 0.0325801 0.169654 0.958836
1 0.173604 0.767626 0.0854388 0.239589 0.955668
1 0.362496 0.601864 0.0526074 0.198208 0.947801
1 0.582014 0.403967 0.0259216 0.159416 0.937351
1 0.703175 0.297011 0.0209113 0.128382 0.910069
1 0.648327 0.346068 0.0222476 0.145182 0.900621
0 0.0139107 0.635283 0.0272345 0.0931698 0.554174
1 0.0141036 0.631761 0.0281351 0.0936248 0.53024
1 0.00779919 0.965208 0.0138297 0.0685437 0.278158
3 0.00759777 0.966281 0.0151955 0.0631638 0.0755997
0 0.175364 0.765157 0.08322 0.250023 0.0279994
2 0.175788 0.766266 0.0826744 0.249362 0.0277138
2 0.362692 0.600912 0.0481088 0.194322 0.0174067
5 0.175788 0.766266 0.0826744 0.249362 0.0167512
3 0.362692 0.600912 0.0481088 0.194322 0.0165072
3 0.175364 0.765157 0.08322 0.250023 0.016252
0 0.702779 0.296984 0.0205766 0.12831 0.0160864
2 0.492724 0.483225 0.0306612 0.174399 0.0149425
4 0.00808901 0.965018 0.016178 0.060844 0.0148204
5 0.00758124 0.966219 0.0151625 0.0634684 0.0126277
4 0.175875 0.769394 0.0815398 0.251861 0.012131
4 0.362881 0.600069 0.0480191 0.196418 0.0115236
0 0.362692 0.600912 0.0481088 0.194322 0.0113742
5 0.362881 0.600069 0.0480191 0.196418 0.0105308
2 0.58171 0.403693 0.0251089 0.161941 0.0103705
0 0.582333 0.4043 0.0259173 0.158167 0.010158
4 0.4929 0.483305 0.0315353 0.174048 0.00990052
4 0.581907 0.404088 0.0256085 0.162874 0.00925158
5 0.492875 0.484587 0.031326 0.169969 0.00859935
0 0.648665 0.344817 0.0218278 0.142983 0.00832559
3 0.4929 0.483305 0.0315353 0.174048 0.00832054
0 0.4929 0.483305 0.0315353 0.174048 0.00827405
5 0.58235 0.404694 0.0255262 0.160227 0.00793141
3 0.581907 0.404088 0.0256085 0.162874 0.00708103
2 0.0143039 0.636449 0.0284387 0.0920432 0.00642546
4 0.648274 0.345709 0.0235329 0.147996 0.005478
3 0.649055 0.344949 0.021047 0.140995 0.00493495
5 0.703067 0.296308 0.0202064 0.127844 0.0047926
3 0.702779 0.296984 0.0205766 0.12831 0.00453187
5 0.648274 0.345709 0.0235329 0.147996 0.00445933
2 0.648753 0.344758 0.0219828 0.142857 0.00430463
3 0.0146308 0.634248 0.0281598 0.0952535 0.0040955
2 0.703021 0.296317 0.0200658 0.12624 0.00396335
4 0.703021 0.296317 0.0200658 0.12624 0.00367244
0 0.0155889 0.597217 0.0311779 0.186173 0.00360823
0 0.0151066 0.605032 0.0276313 0.127911 0.00328444
4 0.0141619 0.632398 0.0283237 0.09567 0.00302549
0 0.00759777 0.966281 0.0151955 0.0631638 0.0029916
2 0.00781785 0.964902 0.0156357 0.0655123 0.00279199
5 0.0141769 0.633567 0.0279733 0.0916806 0.00259722
1 0.0155889 0.597217 0.0311779 0.186173 0.00217978
1 0.0151066 0.605032 0.0276313 0.127911 0.00118247
