1 0.152276 0.425918 0.0222809 0.166933 0.800575
1 0.0724047 0.491233 0.0268841 0.151456 0.630952
1 0.218796 0.399204 0.0238014 0.154419 0.23157
3 0.152038 0.425245 0.0211012 0.162976 0.00832545
3 0.218796 0.399204 0.0238014 0.154419 0.00649581
2 0.152276 0.425918 0.0222809 0.166933 0.00627724
3 0.0712538 0.490397 0.0283826 0.153682 0.0061025
2 0.0706888 0.492951 0.0284492 0.148277 0.0057198
5 0.152038 0.425245 0.0211012 0.162976 0.00445074
5 0.0720271 0.491931 0.0258726 0.151225 0.00442254
0 0.0712538 0.490397 0.0283826 0.153682 0.00439446
0 0.730328 0.15067 0.0374477 0.109703 0.00423176
0 0.152038 0.425245 0.0211012 0.162976 0.00400962
1 0.0685598 0.462949 0.0357373 0.21007 0.00374893
4 0.0712538 0.490397 0.0283826 0.153682 0.00360909
4 0.152038 0.425245 0.0211012 0.162976 0.00353998
2 0.217532 0.402655 0.023125 0.143852 0.00345274
0 0.218512 0.399643 0.0232877 0.151578 0.00267039
1 0.216533 0.431983 0.0192802 0.0853485 0.00250159
0 0.735497 0.152492 0.0531208 0.13497 0.00199996
0 0.442324 0.138351 0.0399104 0.0866346 0.00192173
1 0.061164 0.447377 0.0322868 0.252773 0.00173246
0 0.432113 0.134376 0.0671904 0.0958017 0.00165259
4 0.32952 0.211191 0.121923 0.13927 0.00152914
4 0.428066 0.130102 0.0690784 0.0999439 0.00150186
1 0.0672736 0.483389 0.0225315 0.134075 0.00138307
5 0.218785 0.402622 0.0239789 0.151623 0.00135739
4 0.218512 0.399643 0.0232877 0.151578 0.00132088
4 0.146709 0.163911 0.0883459 0.0451125 0.00115914
