1 0.691793 0.606178 0.0364911 0.183378 0.874572
1 0.740756 0.675533 0.0500911 0.202664 0.823387
4 0.13692 0.224486 0.273841 0.400214 0.318959
4 0.970462 0.600801 0.0539476 0.14396 0.170288
1 0.80782 0.753465 0.0473299 0.201511 0.117119
4 0.942145 0.942022 0.107268 0.113496 0.0655159
1 0.693101 0.612585 0.0305514 0.1096 0.0149843
0 0.740299 0.67576 0.047546 0.206907 0.0139147
2 0.739999 0.677302 0.0488201 0.210762 0.0125729
3 0.691994 0.607996 0.0354122 0.18408 0.00873531
2 0.145493 0.20992 0.290986 0.365085 0.00811221
0 0.691339 0.606373 0.0359836 0.18351 0.00800583
5 0.741213 0.667561 0.0436591 0.221681 0.00742145
2 0.69154 0.605379 0.0369067 0.181308 0.00726384
3 0.742064 0.671848 0.0439472 0.2025 0.00710049
4 0.69154 0.605379 0.0369067 0.181308 0.00666162
2 0.971452 0.600107 0.0556577 0.143809 0.00630218
5 0.691333 0.606206 0.0363842 0.181967 0.00624327
4 0.741213 0.667561 0.0436591 0.221681 0.00561619
3 0.145493 0.20992 0.290986 0.365085 0.0047863
5 0.146143 0.221383 0.292286 0.397465 0.00463585
1 0.742213 0.682985 0.0339415 0.106039 0.00460415
1 0.900582 0.85779 0.049353 0.177486 0.00447989
0 0.145493 0.20992 0.290986 0.365085 0.00361088
3 0.286392 0.430259 0.0488485 0.043448 0.0030665
1 0.145493 0.20992 0.290986 0.365085 0.00282634
4 0.972293 0.545472 0.0543907 0.245381 0.00273514
5 0.970462 0.600801 0.0539476 0.14396 0.00188521
1 0.970462 0.600801 0.0539476 0.14396 0.0018229
3 0.807947 0.749645 0.0492491 0.198478 0.0017533
3 0.969901 0.602142 0.0573477 0.142244 0.00154579
0 0.970462 0.600801 0.0539476 0.14396 0.00154312
0 0.808023 0.750638 0.049778 0.197469 0.00152759
4 0.807947 0.749645 0.0492491 0.198478 0.00130525
4 0.976694 0.61151 0.0352591 0.128055 0.00127592
4 0.135355 0.231715 0.173601 0.421467 0.00117601
5 0.807947 0.749645 0.0492491 0.198478 0.00116538
2 0.942145 0.942022 0.107268 0.113496 0.00114322
2 0.806737 0.754349 0.0481291 0.199896 0.00105313
