5 0.536596 0.515912 0.149485 0.266502 0.740596
4 0.88428 0.676112 0.216167 0.189031 0.152169
4 0.538236 0.5145 0.146059 0.253803 0.0678524
4 0.260433 0.457482 0.11613 0.123093 0.051118
5 0.694179 0.513609 0.193181 0.236563 0.046869
4 0.694179 0.513609 0.193181 0.236563 0.0358937
2 0.535498 0.51483 0.150217 0.267215 0.0105701
3 0.535989 0.514124 0.149126 0.266063 0.00875581
0 0.534473 0.516861 0.153263 0.271749 0.00581035
1 0.534713 0.516007 0.153189 0.272322 0.00525792
2 0.5 0.775075 1 0.44985 0.00180654
5 0.886609 0.67482 0.215048 0.184516 0.00145878
5 0.426065 0.480851 0.108012 0.202595 0.00132974
2 0.694309 0.517675 0.18945 0.238745 0.00129629
4 0.424502 0.48856 0.10133 0.209629 0.00125667
5 0.263369 0.453995 0.1024 0.113082 0.00118491
1 0.88428 0.676112 0.216167 0.189031 0.00105474
