4 0.179544 0.549125 0.355263 0.399819 0.322587
5 0.183796 0.551856 0.367593 0.403803 0.125742
2 0.183796 0.551856 0.367593 0.403803 0.0131977
4 0.200814 0.618611 0.303624 0.243302 0.0122824
4 0.0335189 0.665115 0.0670377 0.165179 0.0107218
5 0.200814 0.618611 0.303624 0.243302 0.00434292
3 0.184169 0.550107 0.368339 0.395915 0.00422769
4 0.532102 0.416624 0.136905 0.215621 0.00342938
1 0.184169 0.550107 0.368339 0.395915 0.00301827
0 0.184169 0.550107 0.368339 0.395915 0.00283705
4 0.432437 0.482629 0.284957 0.317827 0.00184576
4 0.0222804 0.548438 0.042951 0.0330934 0.00135208
