5 0.507066 0.522802 0.20699 0.14518 0.172371
5 0.302231 0.455468 0.0731561 0.151164 0.0962156
4 0.506849 0.519728 0.199717 0.149535 0.0540213
5 0.468831 0.514377 0.114273 0.160174 0.0160556
5 0.571254 0.522228 0.0623956 0.134335 0.00814071
2 0.507411 0.517148 0.197936 0.147132 0.00767779
1 0.509233 0.522367 0.193023 0.148099 0.00751537
3 0.506671 0.520091 0.201165 0.151216 0.00695397
4 0.468831 0.514377 0.114273 0.160174 0.00396498
5 0.429843 0.511328 0.0489038 0.160906 0.00252106
4 0.573627 0.522506 0.0568993 0.136019 0.00197079
3 0.302803 0.455629 0.0683371 0.136174 0.00188306
0 0.506671 0.520091 0.201165 0.151216 0.00173808
4 0.301197 0.454869 0.071313 0.134829 0.00151073
2 0.302803 0.455629 0.0683371 0.136174 0.00108479
