5 0.451218 0.601944 0.0549849 0.209553 0.777073
5 0.307471 0.702522 0.223363 0.346734 0.416425
5 0.235534 0.707629 0.0768817 0.353944 0.0757057
5 0.132112 0.657528 0.0784361 0.268269 0.0598318
3 0.0106235 0.886776 0.021247 0.0338521 0.0380103
2 0.451844 0.599288 0.0521817 0.203484 0.0206411
3 0.23878 0.711586 0.0839157 0.354823 0.0140947
0 0.452087 0.598494 0.0538021 0.209565 0.0133767
3 0.306693 0.709126 0.220565 0.362538 0.0093355
1 0.451844 0.599288 0.0521817 0.203484 0.00922971
3 0.451218 0.601944 0.0549849 0.209553 0.00771827
2 0.306693 0.709126 0.220565 0.362538 0.00758903
5 0.189537 0.689723 0.125794 0.364343 0.00696828
0 0.306693 0.709126 0.220565 0.362538 0.0069288
4 0.452087 0.598494 0.0538021 0.209565 0.00665047
5 0.427878 0.613939 0.0676001 0.253118 0.0063473
4 0.306693 0.709126 0.220565 0.362538 0.00614586
5 0.452042 0.611745 0.197429 0.304376 0.00459046
5 0.896865 0.614867 0.09376 0.249951 0.00437435
1 0.306693 0.709126 0.220565 0.362538 0.00395566
5 0.155883 0.666171 0.118964 0.306824 0.00391388
5 0.456336 0.59001 0.0359919 0.20716 0.00316006
5 0.413157 0.634343 0.0528362 0.258936 0.00308019
5 0.330054 0.675739 0.152349 0.280869 0.00254453
5 0.449835 0.603421 0.0437607 0.124775 0.00203249
0 0.234525 0.7082 0.0815497 0.365757 0.00187783
1 0.234525 0.7082 0.0815497 0.365757 0.0014564
1 0.250019 0.762942 0.0466385 0.23515 0.00140915
1 0.133155 0.652878 0.0779363 0.268896 0.00130989
0 0.807865 0.575449 0.0467067 0.0656737 0.00127092
5 0.252646 0.70218 0.218396 0.369081 0.0012539
3 0.132393 0.657147 0.0815351 0.274155 0.00121604
5 0.154869 0.659651 0.0630677 0.280749 0.00120914
3 0.0120387 0.877548 0.0240773 0.0461004 0.0012034
0 0.132393 0.657147 0.0815351 0.274155 0.00119767
2 0.899324 0.615516 0.105125 0.235258 0.00115418
0 0.813953 0.584556 0.0350157 0.0474312 0.00112242
3 0.0159128 0.893403 0.0318257 0.0613785 0.00101741
