4 0.879156 0.710517 0.100771 0.171208 0.140015
1 0.472112 0.588317 0.0107405 0.070863 0.124404
2 0.555413 0.435093 0.0695796 0.136418 0.0997562
1 0.471481 0.555663 0.019532 0.146466 0.0285924
4 0.89005 0.586815 0.140408 0.435028 0.0140085
2 0.170075 0.503932 0.0574181 0.184958 0.0130735
5 0.891919 0.574106 0.154098 0.452235 0.012362
2 0.211278 0.529347 0.0326711 0.103862 0.0107516
1 0.211318 0.527882 0.0325589 0.103037 0.00978189
2 0.358199 0.458475 0.0236839 0.0563578 0.00864774
1 0.472096 0.578887 0.0153241 0.0835803 0.00853974
2 0.891349 0.585538 0.142597 0.443512 0.00821675
2 0.385159 0.525699 0.0547078 0.108677 0.00777813
2 0.813348 0.382681 0.0625404 0.134786 0.00709538
1 0.469628 0.540109 0.0295404 0.182158 0.00635578
2 0.355681 0.523596 0.0536183 0.112822 0.00559124
2 0.17102 0.53721 0.0589951 0.101136 0.00542127
2 0.403224 0.524666 0.0540189 0.119562 0.00465748
3 0.471481 0.555663 0.019532 0.146466 0.00397705
1 0.39362 0.524268 0.0538902 0.11684 0.00377863
3 0.431697 0.508187 0.0645092 0.18216 0.00352774
2 0.191537 0.531905 0.0678442 0.121939 0.00327897
3 0.469342 0.528482 0.0422722 0.204867 0.00327789
2 0.879605 0.711573 0.102585 0.171947 0.00319876
1 0.481179 0.539428 0.0291319 0.166497 0.0030753
2 0.219468 0.522098 0.052774 0.120492 0.00270374
2 0.433659 0.420362 0.104853 0.0512987 0.00251168
2 0.417606 0.500581 0.0768931 0.17461 0.00250208
2 0.223706 0.508659 0.0676173 0.16638 0.00246017
1 0.477966 0.558633 0.0207689 0.11785 0.00230148
2 0.209412 0.484695 0.0735539 0.194621 0.00207659
2 0.327982 0.460358 0.0607463 0.0982107 0.00203823
0 0.555781 0.43588 0.0634364 0.122985 0.00194913
2 0.358287 0.4782 0.0306594 0.0907249 0.00187561
2 0.33284 0.525977 0.058888 0.108697 0.00176882
2 0.262358 0.841299 0.238149 0.293164 0.00171404
2 0.416678 0.521853 0.0598933 0.130866 0.00152841
2 0.425015 0.44586 0.0780858 0.0902151 0.00152552
2 0.792816 0.612472 0.0720591 0.155347 0.00143458
2 0.634932 0.261781 0.0339415 0.0823635 0.00140878
1 0.556607 0.437052 0.0622945 0.130138 0.00134945
2 0.343084 0.502963 0.0621514 0.137252 0.00131932
2 0.38685 0.504412 0.0693224 0.150646 0.0012209
2 0.535873 0.426764 0.0875479 0.123448 0.00119676
1 0.207857 0.518544 0.0408954 0.155771 0.00115312
1 0.416678 0.521853 0.0598933 0.130866 0.00109497
2 0.207857 0.518544 0.0408954 0.155771 0.00108348
3 0.472164 0.582404 0.0122581 0.073842 0.00105361
1 0.491746 0.542387 0.0239911 0.153577 0.00101811
