2 0.381514 0.576263 0.0654547 0.186709 0.0664399
2 0.759881 0.507899 0.045717 0.1307 0.0507773
4 0.381203 0.577167 0.0622958 0.174094 0.0403511
2 0.793137 0.516666 0.0740115 0.12448 0.0356702
4 0.382133 0.622426 0.0618435 0.0750887 0.0255811
2 0.861395 0.644854 0.258617 0.183055 0.0119693
2 0.606036 0.589005 0.254453 0.242018 0.00770927
4 0.18015 0.537749 0.0619374 0.159656 0.00690303
5 0.382434 0.581886 0.0612356 0.169988 0.00658128
2 0.867026 0.486102 0.0467665 0.0632285 0.0042868
2 0.650811 0.357317 0.0561351 0.0937244 0.00423621
2 0.875517 0.500162 0.0589783 0.0878248 0.00327445
4 0.488635 0.680883 0.0162524 0.0126338 0.003114
2 0.697772 0.480746 0.0882999 0.0930618 0.00229659
2 0.453936 0.586737 0.0880775 0.209206 0.00213307
2 0.779566 0.512906 0.088114 0.154577 0.00210371
5 0.442964 0.587934 0.12018 0.186681 0.00207846
2 0.383004 0.622504 0.0641995 0.0894836 0.00206063
5 0.606036 0.589005 0.254453 0.242018 0.00195089
2 0.696265 0.512798 0.10066 0.160663 0.00168099
2 0.246555 0.553393 0.0690736 0.161322 0.00159444
0 0.793137 0.516666 0.0740115 0.12448 0.00153463
4 0.152378 0.533014 0.105392 0.152528 0.00129168
1 0.757505 0.506544 0.0374841 0.12622 0.0012861
2 0.817428 0.631942 0.164942 0.162683 0.00120454
2 0.634311 0.37005 0.080759 0.0879264 0.00116451
5 0.381505 0.620966 0.0602441 0.0738515 0.00111344
0 0.651181 0.35327 0.0549704 0.0960322 0.00106221
