4 0.209273 0.613521 0.418545 0.41985 0.291729
4 0.350536 0.594758 0.701073 0.395123 0.029042
5 0.897014 0.478355 0.188594 0.252007 0.0162531
4 0.49162 0.568719 0.611775 0.385431 0.0155659
2 0.215229 0.616352 0.430459 0.404192 0.0093329
5 0.706407 0.529408 0.195631 0.32182 0.00824903
5 0.214147 0.613612 0.428294 0.411445 0.00755775
3 0.215229 0.616352 0.430459 0.404192 0.00252679
4 0.500662 0.553071 0.434561 0.324782 0.00240998
5 0.350536 0.594758 0.701073 0.395123 0.0022978
4 0.692944 0.528522 0.187441 0.318673 0.00202417
1 0.215229 0.616352 0.430459 0.404192 0.00187252
2 0.350536 0.594758 0.701073 0.395123 0.00169514
4 0.506445 0.555423 0.269017 0.343841 0.00143626
0 0.215229 0.616352 0.430459 0.404192 0.00140499
