0 0.796808 0.402284 0.0249692 0.059656 0.516194
4 0.382442 0.514297 0.0813899 0.23934 0.440428
5 0.514382 0.556062 0.129734 0.321664 0.194779
0 0.914102 0.536925 0.0395015 0.0990336 0.151554
2 0.383241 0.524542 0.0878337 0.253172 0.0664588
2 0.513424 0.559099 0.129919 0.309111 0.0373883
4 0.465916 0.70659 0.021758 0.0198357 0.0272353
5 0.38104 0.526271 0.0873227 0.252158 0.0262637
4 0.513167 0.557656 0.131347 0.30977 0.0243196
3 0.515742 0.559195 0.127476 0.322059 0.0143632
3 0.380562 0.527361 0.0878176 0.243817 0.0139327
2 0.792519 0.510892 0.0679956 0.21098 0.0133002
0 0.904655 0.535396 0.0426854 0.108228 0.0100151
0 0.789794 0.399477 0.0187076 0.0597765 0.00911097
2 0.794135 0.535802 0.0586111 0.145612 0.00901403
1 0.903994 0.537431 0.0423962 0.10739 0.00848122
0 0.380562 0.527361 0.0878176 0.243817 0.00811421
3 0.46998 0.563755 0.0579574 0.314932 0.00726175
1 0.383241 0.524542 0.0878337 0.253172 0.00710415
2 0.839891 0.548797 0.0420138 0.0948063 0.0066325
1 0.51573 0.556607 0.128372 0.316004 0.00620871
3 0.463335 0.556216 0.189444 0.31454 0.00582643
2 0.79946 0.553538 0.0573965 0.09805 0.00510882
0 0.794374 0.513902 0.0589917 0.185411 0.00492318
0 0.79218 0.390427 0.0257633 0.081247 0.00468481
0 0.51573 0.556607 0.128372 0.316004 0.00351193
5 0.460496 0.559957 0.197661 0.30219 0.00336088
4 0.389917 0.522442 0.153692 0.285468 0.00280692
2 0.796808 0.402284 0.0249692 0.059656 0.00220817
0 0.839891 0.548797 0.0420138 0.0948063 0.00196094
0 0.0799309 0.602068 0.0509562 0.144843 0.00191677
1 0.796808 0.402284 0.0249692 0.059656 0.00191592
3 0.0794246 0.611273 0.0513828 0.137591 0.00159919
4 0.795395 0.40309 0.0256841 0.0570445 0.00154517
2 0.465916 0.70659 0.021758 0.0198357 0.00151316
1 0.898078 0.519666 0.0340509 0.139232 0.00149284
2 0.460563 0.554174 0.222585 0.313907 0.00146719
1 0.916098 0.539039 0.036717 0.0940667 0.00132776
2 0.914102 0.536925 0.0395015 0.0990336 0.00124259
0 0.0798036 0.609161 0.0376706 0.116495 0.00120394
0 0.896584 0.544531 0.0435801 0.102901 0.00112041
3 0.795395 0.40309 0.0256841 0.0570445 0.00107193
2 0.370908 0.529018 0.15869 0.303034 0.00106997
0 0.465916 0.70659 0.021758 0.0198357 0.00100113
