0 0.627051 0.241104 0.0220328 0.073455 0.295316
1 0.968482 0.590487 0.0563481 0.180647 0.252494
5 0.295807 0.367104 0.187069 0.411163 0.171546
4 0.295807 0.367104 0.187069 0.411163 0.129117
3 0.973362 0.591014 0.0506044 0.176068 0.0694517
4 0.706973 0.529396 0.09376 0.138996 0.0650879
4 0.468352 0.390639 0.56036 0.434898 0.0455165
4 0.62932 0.389964 0.247279 0.49443 0.0342323
3 0.955812 0.592444 0.0866565 0.181602 0.0117624
5 0.970702 0.590773 0.053365 0.177747 0.0112009
5 0.62932 0.389964 0.247279 0.49443 0.00961173
0 0.967169 0.748572 0.0600569 0.106458 0.00805214
2 0.299429 0.365862 0.185134 0.42109 0.00669626
1 0.974009 0.633094 0.0512975 0.279153 0.00582054
3 0.299429 0.365862 0.185134 0.42109 0.00529203
3 0.969938 0.694829 0.0594084 0.249394 0.00430934
3 0.969974 0.75763 0.0600529 0.128556 0.00386495
0 0.300093 0.366022 0.18203 0.41319 0.00325417
4 0.350742 0.361559 0.325653 0.398606 0.00313973
5 0.953355 0.646737 0.0929168 0.305754 0.00268793
1 0.299429 0.365862 0.185134 0.42109 0.00228576
5 0.350742 0.361559 0.325653 0.398606 0.00219009
5 0.453029 0.384333 0.577712 0.414959 0.00218298
4 0.627051 0.241104 0.0220328 0.073455 0.00211317
5 0.0834855 0.245201 0.166971 0.325561 0.00194238
1 0.900317 0.47512 0.0120521 0.0608394 0.00191149
1 0.626799 0.241215 0.0213222 0.0756941 0.00187179
3 0.972444 0.634787 0.0527945 0.283308 0.00178053
2 0.973362 0.591014 0.0506044 0.176068 0.00171117
2 0.453029 0.384333 0.577712 0.414959 0.00166252
3 0.953355 0.646737 0.0929168 0.305754 0.00165203
0 0.970613 0.590327 0.0549793 0.168899 0.00163465
4 0.973362 0.591014 0.0506044 0.176068 0.00148461
1 0.970848 0.59439 0.0485887 0.124303 0.00143506
4 0.59658 0.472608 0.296417 0.523219 0.0011881
2 0.627032 0.241222 0.021664 0.0752417 0.00114891
4 0.410804 0.38045 0.244823 0.36436 0.00111858
3 0.626799 0.241215 0.0213222 0.0756941 0.00104742
