5 0.185615 0.492385 0.213935 0.283972 0.783177
4 0.184164 0.493 0.211351 0.281676 0.686926
4 0.814155 0.607469 0.367752 0.416469 0.643988
5 0.815308 0.611897 0.369384 0.421328 0.230559
4 0.799706 0.694228 0.341353 0.223284 0.0556426
2 0.187304 0.495946 0.211784 0.288203 0.0239659
4 0.454251 0.648629 0.0338643 0.0281695 0.0220164
4 0.360081 0.58775 0.208675 0.135042 0.020457
5 0.451686 0.520443 0.0347132 0.300138 0.0164837
5 0.799706 0.694228 0.341353 0.223284 0.0147393
2 0.815308 0.611897 0.369384 0.421328 0.013669
5 0.565157 0.557354 0.280544 0.351011 0.0135541
0 0.187304 0.495946 0.211784 0.288203 0.012329
3 0.187304 0.495946 0.211784 0.288203 0.0114911
4 0.0734037 0.536528 0.146807 0.116225 0.00958493
1 0.187304 0.495946 0.211784 0.288203 0.00798892
3 0.815308 0.611897 0.369384 0.421328 0.00499085
1 0.815308 0.611897 0.369384 0.421328 0.00481589
0 0.815308 0.611897 0.369384 0.421328 0.00449837
3 0.454524 0.522361 0.0361203 0.294202 0.00342853
5 0.966853 0.627449 0.0655161 0.369245 0.00279747
4 0.565157 0.557354 0.280544 0.351011 0.00278076
4 0.949281 0.628365 0.0999088 0.376729 0.00216844
5 0.0856771 0.468732 0.112261 0.260707 0.00211072
5 0.262884 0.501107 0.0598469 0.276445 0.00193567
5 0.139028 0.502016 0.278056 0.236413 0.00171338
4 0.0844276 0.523842 0.164028 0.166821 0.00164957
5 0.0762286 0.539237 0.152457 0.123977 0.00162741
3 0.641899 0.150967 0.124283 0.298962 0.00161693
4 0.573887 0.618352 0.256785 0.210296 0.00144023
5 0.573887 0.618352 0.256785 0.210296 0.00134692
1 0.450976 0.519348 0.0404681 0.296794 0.00133248
5 0.947884 0.61279 0.0993053 0.363954 0.00106892
