2 0.143071 0.528018 0.0814537 0.192056 0.208034
5 0.592876 0.458161 0.0369535 0.336355 0.19485
2 0.19222 0.508372 0.0934122 0.16687 0.178724
2 0.032064 0.627115 0.0621075 0.170544 0.139277
2 0.0790558 0.58093 0.105368 0.202049 0.090733
0 0.195288 0.504527 0.0895855 0.160072 0.0802443
2 0.120015 0.549794 0.123448 0.22183 0.0353071
0 0.0869932 0.566227 0.105756 0.204344 0.010893
0 0.161555 0.523703 0.120771 0.192111 0.00860694
2 0.157985 0.520271 0.179005 0.216338 0.0074255
2 0.0638238 0.536978 0.116867 0.293596 0.00592251
3 0.593502 0.462005 0.0391884 0.337039 0.00535963
5 0.564714 0.450127 0.114564 0.358371 0.00531858
4 0.252424 0.3913 0.286098 0.179907 0.00515517
2 0.0947919 0.569655 0.185066 0.238991 0.00494895
2 0.121652 0.527591 0.20239 0.25341 0.00331795
4 0.711084 0.524511 0.262921 0.19833 0.00314607
5 0.502566 0.447732 0.236176 0.375925 0.00266924
1 0.190924 0.509303 0.0992647 0.170782 0.00244706
2 0.0358295 0.587798 0.071659 0.196504 0.00223062
1 0.161555 0.523703 0.120771 0.192111 0.00219062
5 0.711223 0.461845 0.280416 0.340571 0.00184149
0 0.138214 0.530712 0.0744378 0.201762 0.0017861
5 0.711084 0.524511 0.262921 0.19833 0.00169357
0 0.032064 0.627115 0.0621075 0.170544 0.00162537
1 0.592876 0.458161 0.0369535 0.336355 0.00153482
3 0.0210426 0.192565 0.0420852 0.142919 0.00145559
3 0.190924 0.509303 0.0992647 0.170782 0.00129985
1 0.032064 0.627115 0.0621075 0.170544 0.00126726
2 0.0425885 0.5525 0.0813451 0.292346 0.00122916
3 0.161555 0.523703 0.120771 0.192111 0.00118751
3 0.140408 0.522776 0.0731747 0.184988 0.0011856
2 0.500333 0.809702 0.989344 0.353518 0.00114529
2 0.141971 0.578957 0.116731 0.201116 0.00110667
4 0.190924 0.509303 0.0992647 0.170782 0.00103303
1 0.138214 0.530712 0.0744378 0.201762 0.00102267
