1 0.0987777 0.596253 0.024069 0.0806421 0.876538
5 0.85314 0.569636 0.22479 0.287784 0.489109
4 0.853533 0.573727 0.227137 0.284919 0.29765
1 0.168335 0.581573 0.0405408 0.103715 0.193719
4 0.827124 0.626714 0.177899 0.114365 0.0162559
3 0.0986741 0.595254 0.0243712 0.0812827 0.00759414
0 0.0989118 0.596517 0.0262276 0.0812792 0.00758003
2 0.853024 0.574215 0.231697 0.285777 0.00732041
3 0.853024 0.574215 0.231697 0.285777 0.00511915
0 0.853024 0.574215 0.231697 0.285777 0.00462645
4 0.098683 0.595256 0.0254214 0.0820369 0.00453609
2 0.0994411 0.596291 0.0239569 0.0806811 0.00432412
1 0.853024 0.574215 0.231697 0.285777 0.0037306
4 0.846378 0.626606 0.220653 0.157082 0.00356933
1 0.297379 0.487704 0.0195829 0.101693 0.00351199
5 0.0993164 0.596448 0.0253607 0.0804285 0.00345691
0 0.168256 0.581198 0.0420757 0.103155 0.00319477
4 0.167522 0.58089 0.0409353 0.105036 0.00282357
3 0.167522 0.58089 0.0409353 0.105036 0.00256075
2 0.167522 0.58089 0.0409353 0.105036 0.0019921
1 0.407802 0.468537 0.00761791 0.04895 0.00194025
3 0.550406 0.454189 0.104609 0.588373 0.00192001
5 0.91764 0.588119 0.104381 0.285553 0.00141862
5 0.167522 0.58089 0.0409353 0.105036 0.00136162
