4 0.151283 0.693319 0.302567 0.352715 0.220522
4 0.260555 0.472863 0.145585 0.33376 0.0805453
2 0.669363 0.595107 0.260507 0.46885 0.0101538
2 0.260435 0.473089 0.146062 0.334732 0.0097345
2 0.672999 0.516967 0.1652 0.304391 0.00517564
2 0.932758 0.570536 0.126522 0.28786 0.00498172
2 0.163638 0.695846 0.327277 0.345955 0.00422701
2 0.51161 0.548899 0.146668 0.398906 0.00348335
2 0.543898 0.560689 0.084326 0.404084 0.00337061
2 0.666593 0.29503 0.0668519 0.101094 0.00309953
5 0.151283 0.693319 0.302567 0.352715 0.00280434
2 0.629468 0.206535 0.0531505 0.11275 0.00274001
3 0.555096 0.559356 0.0647301 0.408393 0.00235856
3 0.164673 0.695629 0.329347 0.345796 0.00207594
3 0.413426 0.515584 0.0472526 0.339347 0.00190903
2 0.403733 0.512953 0.0648705 0.348711 0.00171089
3 0.473969 0.548884 0.126434 0.365266 0.00167531
0 0.164673 0.695629 0.329347 0.345796 0.00154349
1 0.164673 0.695629 0.329347 0.345796 0.00145267
3 0.956731 0.938585 0.0865378 0.108684 0.00138803
3 0.763585 0.162171 0.158708 0.311573 0.00124376
5 0.259661 0.469273 0.141091 0.335536 0.00111286
2 0.687769 0.508323 0.11901 0.24979 0.0010733
2 0.477062 0.532806 0.115274 0.316203 0.00102146
