3 0.391099 0.270314 0.0834973 0.325145 0.0964852
3 0.37065 0.265317 0.0482889 0.283634 0.026495
2 0.241244 0.509678 0.094945 0.10839 0.0251043
4 0.382177 0.433251 0.0895407 0.0619264 0.0182738
5 0.381089 0.433614 0.0897054 0.062776 0.0162259
3 0.38837 0.378732 0.081215 0.150398 0.0139414
2 0.292573 0.482075 0.0385125 0.0839575 0.00570936
0 0.476622 0.291037 0.00837306 0.0308626 0.00525218
3 0.448232 0.246946 0.0146641 0.167846 0.00412887
0 0.475334 0.296527 0.00740584 0.0349642 0.00256851
2 0.38837 0.378732 0.081215 0.150398 0.00178899
2 0.293781 0.496342 0.049019 0.11181 0.00131187
0 0.208897 0.444625 0.0171892 0.0606371 0.00127498
3 0.38287 0.274832 0.153335 0.355268 0.00119183
3 0.44844 0.252249 0.0105813 0.110786 0.00113073
0 0.475952 0.287744 0.0111725 0.0400351 0.00108311
