4 0.562231 0.52365 0.175513 0.331104 0.955937
3 0.980968 0.67808 0.032057 0.0414747 0.154425
0 0.981765 0.677189 0.0329229 0.042622 0.0209289
2 0.561764 0.524188 0.187464 0.317026 0.0171104
5 0.561764 0.524188 0.187464 0.317026 0.0149372
0 0.562686 0.523451 0.182207 0.311915 0.0145073
3 0.562686 0.523451 0.182207 0.311915 0.014454
1 0.562686 0.523451 0.182207 0.311915 0.00939622
1 0.981765 0.677189 0.0329229 0.042622 0.00320349
2 0.980968 0.67808 0.032057 0.0414747 0.00291994
4 0.980968 0.67808 0.032057 0.0414747 0.00262527
1 0.916211 0.965534 0.0192649 0.043791 0.0015666
4 0.558632 0.481108 0.165669 0.208222 0.00155397
3 0.982448 0.677174 0.0351033 0.0650198 0.00145628
1 0.790516 0.342936 0.0181895 0.0971574 0.00123373
