3 0.501431 0.66099 0.0543267 0.25993 0.501663
0 0.497372 0.663488 0.0555108 0.2541 0.0614855
0 0.428293 0.604215 0.0182439 0.0398865 0.0462634
1 0.120649 0.594332 0.0228757 0.105585 0.0447903
4 0.842144 0.661869 0.121601 0.110017 0.010044
0 0.337287 0.617126 0.0189767 0.0543538 0.00868491
1 0.501493 0.659746 0.0565001 0.25398 0.00798699
0 0.256594 0.639581 0.0310417 0.104531 0.00393382
2 0.501493 0.659746 0.0565001 0.25398 0.00349119
0 0.744017 0.253843 0.0822235 0.289764 0.00310268
0 0.120711 0.597962 0.0208939 0.102661 0.00282779
3 0.501417 0.662136 0.177368 0.309727 0.00256593
4 0.683056 0.115965 0.0152779 0.0363295 0.00254226
4 0.501493 0.659746 0.0565001 0.25398 0.00252259
5 0.501431 0.66099 0.0543267 0.25993 0.00232291
2 0.984255 0.248719 0.026645 0.0609412 0.00213716
1 0.256535 0.637607 0.0303906 0.10618 0.00185154
0 0.428958 0.600955 0.0301863 0.0466218 0.00163701
0 0.172196 0.554134 0.0228746 0.098503 0.00154082
1 0.115092 0.584143 0.0150576 0.116572 0.00145918
4 0.683365 0.116318 0.0239572 0.0414119 0.00139552
