4 0.29814 0.684162 0.574532 0.589553 0.793147
4 0.194588 0.724703 0.36027 0.388388 0.0662106
2 0.301116 0.683404 0.596794 0.557133 0.0261551
5 0.301116 0.683404 0.596794 0.557133 0.00880774
3 0.301312 0.671044 0.5896 0.590066 0.00810878
3 0.985839 0.531121 0.0191235 0.0205941 0.005822
1 0.301116 0.683404 0.596794 0.557133 0.00474457
0 0.301116 0.683404 0.596794 0.557133 0.00298991
0 0.0133368 0.297433 0.0266735 0.202185 0.00177019
4 0.384041 0.624927 0.423068 0.598589 0.00160137
0 0.00997814 0.321248 0.0199563 0.163225 0.00150453
1 0.583327 0.27909 0.0176014 0.0892304 0.00123969
2 0.194588 0.724703 0.36027 0.388388 0.00122928
