4 0.660556 0.620844 0.304481 0.240101 0.414786
4 0.858673 0.644347 0.0815423 0.203511 0.0199999
0 0.654955 0.785293 0.0191367 0.0452886 0.0168526
0 0.537609 0.765937 0.0147943 0.0409617 0.0149661
2 0.689386 0.621121 0.378921 0.235617 0.00852979
4 0.735211 0.626834 0.304993 0.253422 0.00837614
4 0.660681 0.614926 0.166955 0.24318 0.00490554
5 0.689386 0.621121 0.378921 0.235617 0.00437921
0 0.535123 0.767758 0.0214399 0.0476672 0.00339469
3 0.689386 0.621121 0.378921 0.235617 0.00327742
1 0.689386 0.621121 0.378921 0.235617 0.00286474
0 0.689386 0.621121 0.378921 0.235617 0.00277112
0 0.297756 0.507563 0.0227369 0.0690993 0.00151264
1 0.654955 0.785293 0.0191367 0.0452886 0.00133658
0 0.778922 0.796895 0.0174563 0.0482965 0.00124965
1 0.53738 0.766854 0.0171463 0.0441141 0.00105023
