4 0.837559 0.66455 0.222037 0.280166 0.946513
0 0.840399 0.662048 0.224368 0.274748 0.0178815
2 0.840399 0.662048 0.224368 0.274748 0.016504
5 0.840399 0.662048 0.224368 0.274748 0.0143292
3 0.839882 0.661721 0.225962 0.270545 0.0115071
1 0.840399 0.662048 0.224368 0.274748 0.010062
0 0.00744679 0.462891 0.0148936 0.050045 0.00408488
0 0.0472986 0.478267 0.0193985 0.0549751 0.00250062
1 0.521457 0.494965 0.0078985 0.0429138 0.00219333
1 0.234326 0.495708 0.013335 0.090931 0.00154561
1 0.474579 0.554531 0.0281344 0.170485 0.00135217
