4 0.557513 0.61115 0.0497045 0.0956823 0.830892
1 0.990999 0.795089 0.0143779 0.0785872 0.687399
1 0.90265 0.773098 0.0123593 0.0779672 0.678502
1 0.928825 0.77623 0.0121557 0.0778424 0.662795
1 0.91781 0.777664 0.0212502 0.0805844 0.177908
1 0.85477 0.755478 0.0135617 0.0872061 0.167422
1 0.740747 0.689119 0.0121767 0.0774078 0.127249
0 0.55649 0.610866 0.0515065 0.0965615 0.0190904
2 0.557158 0.611973 0.0502827 0.10052 0.0178339
1 0.71526 0.68103 0.0107372 0.0786318 0.0164165
1 0.854684 0.747389 0.0204012 0.113414 0.0154862
1 0.557158 0.611973 0.0502827 0.10052 0.0122853
1 0.619958 0.622728 0.0101124 0.0850728 0.00893607
3 0.557158 0.611973 0.0502827 0.10052 0.00643537
5 0.557503 0.611334 0.0495658 0.0936985 0.00520549
0 0.990987 0.794984 0.0151531 0.0796686 0.0048562
1 0.928558 0.765145 0.0162242 0.0863371 0.00459558
1 0.717806 0.677816 0.0180015 0.0930471 0.00398478
3 0.991454 0.79464 0.0133247 0.0820446 0.00342986
1 0.994048 0.7956 0.0104379 0.0790965 0.00313622
3 0.928661 0.774826 0.0128769 0.0828337 0.00302147
1 0.722232 0.683265 0.0190739 0.083321 0.0027294
1 0.994599 0.76964 0.0108022 0.0926302 0.00265337
2 0.928825 0.77623 0.0121557 0.0778424 0.00256583
0 0.928537 0.777474 0.0140374 0.0805013 0.00255892
3 0.902997 0.772246 0.0130697 0.0807116 0.0024878
1 0.742772 0.670611 0.01937 0.116832 0.00235793
1 0.984934 0.798228 0.022238 0.0819148 0.00196245
2 0.990999 0.795089 0.0143779 0.0785872 0.00183169
5 0.928537 0.777474 0.0140374 0.0805013 0.00182368
1 0.745031 0.677518 0.0135477 0.0878618 0.00177623
4 0.928537 0.777474 0.0140374 0.0805013 0.00171946
2 0.902997 0.772246 0.0130697 0.0807116 0.0016625
3 0.74127 0.682398 0.0158996 0.089816 0.00163282
0 0.902087 0.773341 0.0148251 0.0804626 0.00161738
1 0.603144 0.552656 0.00917115 0.0472482 0.00160691
3 0.854454 0.753411 0.0149254 0.0870495 0.0015996
5 0.90265 0.773098 0.0123593 0.0779672 0.00156764
0 0.855011 0.759206 0.0171483 0.0854774 0.00152505
5 0.990999 0.795089 0.0143779 0.0785872 0.00149063
4 0.991076 0.795373 0.0143429 0.081805 0.0013959
4 0.90265 0.773098 0.0123593 0.0779672 0.00138903
1 0.898346 0.76243 0.0204242 0.0891281 0.001357
0 0.74127 0.682398 0.0158996 0.089816 0.00129505
1 0.614043 0.629234 0.0113112 0.0737675 0.00118199
0 0.91781 0.777664 0.0212502 0.0805844 0.00118193
1 0.611776 0.616773 0.0133012 0.0902114 0.00114337
1 0.620624 0.637901 0.0103832 0.0631231 0.00102349
