1 0.114453 0.728819 0.007031 0.053472
1 0.126758 0.733333 0.007422 0.061111
1 0.140820 0.739236 0.007422 0.065972
1 0.156445 0.748958 0.008203 0.072917
1 0.177148 0.762500 0.008984 0.079167
1 0.210547 0.788889 0.010937 0.090278
1 0.201172 0.771875 0.010156 0.082639
1 0.189648 0.802431 0.009766 0.100694
1 0.267773 0.719792 0.003516 0.038194
1 0.290430 0.721875 0.005078 0.042361
1 0.297852 0.715972 0.005078 0.038889
1 0.311719 0.723264 0.004687 0.040972
1 0.326367 0.715972 0.005078 0.033333
1 0.336133 0.728472 0.005078 0.045833
1 0.355469 0.714583 0.005469 0.030556
1 0.382031 0.712847 0.005469 0.036806
1 0.400977 0.717361 0.005859 0.041667
1 0.394727 0.724306 0.003516 0.040278
1 0.370898 0.731250 0.003516 0.043056
