2 0.329297 0.675694 0.029687 0.033333
0 0.082031 0.688889 0.010156 0.038889
2 0.015430 0.779167 0.030078 0.183333
2 0.061719 0.780903 0.083594 0.160417
2 0.116602 0.784722 0.065234 0.137500
2 0.145898 0.761111 0.062891 0.125000
2 0.188086 0.760417 0.055859 0.108333
2 0.221680 0.751736 0.044141 0.097917
2 0.248633 0.743750 0.034766 0.090278
2 0.266602 0.733333 0.037891 0.087500
1 0.982812 0.875000 0.034375 0.250000
1 0.877344 0.846875 0.028906 0.203472
1 0.809180 0.822917 0.021484 0.163889
1 0.757812 0.805556 0.014063 0.140278
1 0.718750 0.787847 0.017188 0.121528
1 0.691406 0.775000 0.010156 0.105556
1 0.665820 0.765625 0.010547 0.093750
1 0.646289 0.755903 0.008203 0.084028
1 0.631445 0.748958 0.007422 0.074306
1 0.616797 0.742014 0.007031 0.070139
1 0.606445 0.736458 0.005859 0.061806
1 0.596289 0.732639 0.005078 0.059722
1 0.587109 0.728472 0.005469 0.058333
1 0.579883 0.724653 0.005078 0.052083
1 0.573438 0.723611 0.006250 0.050000
1 0.566406 0.721528 0.005469 0.045833
1 0.559570 0.719444 0.005859 0.044444
