1 0.539648 0.709722 0.003516 0.036111
1 0.542969 0.710764 0.003125 0.034028
1 0.546680 0.712153 0.002734 0.034028
1 0.550781 0.714583 0.003125 0.034722
1 0.555078 0.716319 0.003125 0.038194
1 0.560156 0.718056 0.003125 0.040278
1 0.564453 0.719444 0.003906 0.041667
1 0.570117 0.722917 0.005078 0.044444
1 0.576758 0.724653 0.005859 0.045139
1 0.583398 0.727083 0.006641 0.050000
1 0.590430 0.731250 0.005078 0.052778
1 0.598242 0.734722 0.005078 0.056944
1 0.609180 0.739236 0.007422 0.061806
1 0.620508 0.743750 0.007422 0.066667
1 0.633984 0.750694 0.008594 0.072222
1 0.648438 0.755556 0.009375 0.079167
1 0.668164 0.763194 0.007422 0.087500
1 0.690820 0.772569 0.009766 0.096528
1 0.719922 0.781944 0.009375 0.108333
1 0.754102 0.795833 0.010547 0.125000
1 0.798438 0.814583 0.020313 0.147222
1 0.855664 0.834375 0.024609 0.175694
1 0.935156 0.860764 0.035156 0.203472
2 0.252930 0.740972 0.048047 0.108333
2 0.284961 0.727431 0.023047 0.074306
2 0.297656 0.728819 0.021094 0.065972
2 0.310742 0.720139 0.022266 0.066667
2 0.324805 0.721181 0.022266 0.057639
2 0.339062 0.717708 0.021094 0.056250
