1 0.542773 0.711111 0.004297 0.034722
1 0.546289 0.713194 0.003516 0.036111
1 0.550586 0.713889 0.003516 0.036111
1 0.554883 0.714583 0.004297 0.038889
1 0.559180 0.717708 0.004297 0.040972
1 0.563867 0.719792 0.003516 0.039583
1 0.568945 0.721875 0.003516 0.045139
1 0.576562 0.724653 0.005469 0.049306
1 0.583203 0.726736 0.003906 0.049306
1 0.591016 0.729861 0.003906 0.052778
1 0.599609 0.732986 0.006250 0.057639
1 0.610156 0.736806 0.008594 0.059722
1 0.621680 0.739931 0.009766 0.065972
1 0.635352 0.745139 0.008984 0.069444
1 0.649414 0.752431 0.007422 0.078472
1 0.667578 0.756944 0.008594 0.084722
1 0.688672 0.765278 0.007812 0.095833
1 0.714648 0.778125 0.009766 0.104861
1 0.749023 0.786806 0.012891 0.123611
1 0.789648 0.802431 0.019922 0.142361
1 0.842969 0.819792 0.025000 0.164583
1 0.919336 0.842014 0.030859 0.203472
2 0.316016 0.728472 0.027344 0.075000
2 0.331250 0.721875 0.016406 0.054861
2 0.344531 0.714931 0.015625 0.052083
2 0.353125 0.714583 0.014063 0.041667
2 0.362305 0.712500 0.016016 0.041667
