2 0.377148 0.711458 0.014453 0.038194
2 0.372070 0.714583 0.012109 0.037500
2 0.362305 0.715625 0.015234 0.046528
2 0.350977 0.721875 0.019922 0.059028
1 0.559766 0.721528 0.004687 0.038889
1 0.565039 0.722917 0.004297 0.043056
1 0.570898 0.726042 0.004297 0.046528
1 0.577344 0.726389 0.005469 0.048611
1 0.585156 0.729861 0.006250 0.048611
1 0.592773 0.730556 0.004297 0.052778
1 0.600977 0.736111 0.004297 0.056944
1 0.609961 0.739931 0.006641 0.061806
1 0.620703 0.743403 0.006250 0.067361
1 0.633008 0.749306 0.008984 0.069444
1 0.648438 0.754167 0.008594 0.076389
1 0.665039 0.759375 0.009766 0.082639
1 0.684570 0.768750 0.011328 0.088889
1 0.709961 0.775347 0.012891 0.103472
1 0.741406 0.786806 0.014844 0.118056
1 0.777344 0.799653 0.017969 0.136806
1 0.827734 0.818403 0.024219 0.161806
1 0.896289 0.844792 0.031641 0.196528
