1 0.334766 0.680903 0.007812 0.093750
1 0.322461 0.684375 0.010547 0.106250
1 0.309180 0.693403 0.016016 0.109028
1 0.293750 0.707639 0.014844 0.118056
1 0.276172 0.716319 0.014844 0.132639
1 0.252734 0.736806 0.021875 0.162500
1 0.218164 0.756250 0.022266 0.168056
1 0.175781 0.759028 0.020313 0.155556
1 0.121484 0.771528 0.016406 0.111111
1 0.066602 0.692708 0.014453 0.127083
1 0.099609 0.681944 0.013281 0.113889
1 0.128320 0.669097 0.010547 0.096528
1 0.154102 0.670833 0.011328 0.094444
1 0.193945 0.665278 0.008984 0.084722
1 0.176563 0.653819 0.008594 0.065972
