1 0.065039 0.739931 0.008203 0.072917
1 0.075000 0.747222 0.010156 0.076389
1 0.087109 0.754167 0.010156 0.075000
1 0.126367 0.812500 0.015234 0.134722
1 0.105469 0.778125 0.012500 0.093750
1 0.236523 0.727778 0.005859 0.041667
1 0.260937 0.729514 0.005469 0.046528
1 0.269727 0.727778 0.005859 0.045833
1 0.283008 0.731944 0.006641 0.048611
1 0.302539 0.723611 0.006641 0.040278
1 0.307617 0.737500 0.005859 0.054167
1 0.333984 0.724306 0.005469 0.040278
1 0.346484 0.744792 0.008594 0.053472
1 0.382031 0.727778 0.007031 0.044444
1 0.375000 0.735069 0.005469 0.045139
1 0.363281 0.724306 0.005469 0.040278
