1 0.554297 0.711458 0.003906 0.039583
1 0.559375 0.712153 0.003906 0.039583
1 0.564453 0.715278 0.005469 0.041667
1 0.569531 0.717014 0.006250 0.043750
1 0.575781 0.720139 0.005469 0.047222
1 0.583594 0.722569 0.006250 0.049306
1 0.590234 0.726042 0.007031 0.053472
1 0.598242 0.728819 0.005859 0.057639
1 0.608594 0.733681 0.007812 0.063194
1 0.619531 0.738542 0.008594 0.067361
1 0.632812 0.744097 0.009375 0.072917
1 0.647461 0.750694 0.008984 0.080556
1 0.667383 0.759722 0.010547 0.090278
1 0.690039 0.767361 0.009766 0.098611
1 0.718945 0.781250 0.012109 0.112500
1 0.755859 0.793403 0.013281 0.127083
1 0.803516 0.809028 0.017969 0.147222
1 0.866992 0.830208 0.025391 0.185417
1 0.955469 0.856944 0.034375 0.222222
2 0.116016 0.767014 0.080469 0.164583
2 0.163086 0.746528 0.046484 0.120833
2 0.193164 0.749653 0.044922 0.109028
2 0.224805 0.738194 0.034766 0.093056
2 0.250000 0.730556 0.035156 0.091667
2 0.273633 0.732292 0.034766 0.074306
2 0.294141 0.725694 0.036719 0.073611
2 0.313477 0.722917 0.021484 0.065278
2 0.331445 0.718750 0.027734 0.058333
