1 0.564648 0.720486 0.004297 0.036806
1 0.569141 0.722222 0.003906 0.038889
1 0.575586 0.722917 0.004297 0.040278
1 0.581250 0.724306 0.003125 0.045833
1 0.586914 0.726736 0.005078 0.046528
1 0.593945 0.729861 0.005078 0.050000
1 0.602148 0.731944 0.005078 0.054167
1 0.609570 0.735069 0.005078 0.060417
1 0.618555 0.738889 0.005859 0.061111
1 0.629687 0.743403 0.007812 0.068750
1 0.641992 0.748264 0.007422 0.074306
1 0.656445 0.754167 0.008203 0.079167
1 0.672266 0.761111 0.009375 0.086111
1 0.693750 0.771181 0.009375 0.097917
1 0.720508 0.781944 0.010547 0.111111
1 0.754883 0.798611 0.013672 0.130556
1 0.800586 0.815972 0.018359 0.154167
1 0.857422 0.841667 0.025781 0.181944
