2 0.025586 0.790625 0.050391 0.170139
2 0.073047 0.783333 0.076563 0.148611
2 0.123828 0.773958 0.064062 0.139583
2 0.187500 0.750347 0.038281 0.118750
2 0.160742 0.759375 0.049609 0.117361
2 0.291992 0.676736 0.058984 0.043750
1 0.984570 0.882292 0.030859 0.235417
1 0.888086 0.860069 0.032422 0.209028
1 0.810742 0.833333 0.023828 0.173611
1 0.757617 0.812153 0.020703 0.142361
1 0.719336 0.795139 0.016016 0.125000
1 0.687891 0.780903 0.014063 0.107639
1 0.665625 0.768750 0.013281 0.098611
1 0.645117 0.758681 0.010547 0.086806
1 0.629102 0.752083 0.008203 0.076389
1 0.615820 0.746181 0.008203 0.072917
1 0.603711 0.742014 0.006641 0.065972
1 0.593359 0.738889 0.006250 0.059722
1 0.583203 0.736111 0.006250 0.056944
1 0.575195 0.730903 0.005078 0.054861
1 0.566211 0.727083 0.005078 0.050000
1 0.559375 0.726389 0.003906 0.050000
1 0.552930 0.724653 0.004297 0.043750
1 0.546484 0.723264 0.005469 0.043750
