1 0.544141 0.715972 0.003906 0.034722
2 0.320312 0.722222 0.020313 0.063889
2 0.310352 0.728472 0.020703 0.059722
2 0.296484 0.735764 0.024219 0.071528
2 0.278125 0.738889 0.032031 0.076389
2 0.256641 0.740972 0.037500 0.084722
2 0.247656 0.752778 0.032031 0.086111
2 0.219531 0.751736 0.050000 0.104861
2 0.178906 0.758681 0.058594 0.102083
2 0.130664 0.756944 0.064453 0.140278
2 0.074414 0.768403 0.073828 0.146528
2 0.022266 0.778472 0.043750 0.166667
0 0.170508 0.690972 0.005859 0.033333
1 0.548633 0.716319 0.004297 0.036806
1 0.554492 0.718056 0.003516 0.040278
1 0.558984 0.720486 0.003125 0.040972
1 0.564258 0.721875 0.003516 0.042361
1 0.569336 0.723611 0.003516 0.045833
1 0.575781 0.726042 0.005469 0.049306
1 0.581836 0.728819 0.006641 0.050694
1 0.589648 0.733333 0.005859 0.054167
1 0.598437 0.737500 0.006250 0.059722
1 0.607227 0.740625 0.006641 0.064583
1 0.620117 0.745833 0.006641 0.066667
1 0.632031 0.752431 0.007031 0.074306
1 0.647461 0.759375 0.009766 0.082639
1 0.667578 0.766319 0.010156 0.088194
1 0.690039 0.777083 0.011328 0.101389
1 0.720117 0.788542 0.012109 0.114583
1 0.756055 0.805208 0.014453 0.132639
1 0.807227 0.822569 0.021484 0.156250
1 0.872461 0.849653 0.030078 0.190972
1 0.964258 0.877431 0.043359 0.240972
