1 0.562109 0.718403 0.005469 0.038194
1 0.567187 0.721875 0.003125 0.040972
1 0.573242 0.723611 0.004297 0.041667
1 0.579492 0.725694 0.003516 0.045833
1 0.585547 0.727431 0.004687 0.047917
1 0.593164 0.730556 0.005078 0.048611
1 0.601953 0.732292 0.006250 0.053472
1 0.610547 0.734722 0.006250 0.058333
1 0.620898 0.738889 0.005859 0.061111
1 0.632031 0.742361 0.007031 0.068056
1 0.646094 0.747917 0.006250 0.072222
1 0.660547 0.752778 0.009375 0.079167
1 0.679297 0.760764 0.009375 0.089583
1 0.702734 0.768750 0.014063 0.098611
1 0.730859 0.781944 0.016406 0.113889
1 0.765820 0.795833 0.016797 0.131944
1 0.810352 0.812847 0.022266 0.153472
1 0.874609 0.836806 0.026562 0.188889
1 0.962695 0.864931 0.041797 0.231250
1 0.556641 0.717014 0.003906 0.036806
