1 0.165039 0.757986 0.021484 0.152083
1 0.208203 0.750347 0.026562 0.175694
1 0.244336 0.733681 0.021484 0.159028
1 0.268359 0.715972 0.020313 0.137500
1 0.291797 0.701736 0.017969 0.127083
1 0.307617 0.687847 0.013672 0.117361
1 0.322461 0.676042 0.012109 0.106250
1 0.332422 0.668056 0.010937 0.091667
1 0.343164 0.661806 0.009766 0.086111
1 0.350781 0.656250 0.008594 0.081944
1 0.359180 0.651042 0.007422 0.072917
1 0.237305 0.628125 0.004297 0.047917
1 0.224414 0.644444 0.007422 0.072222
1 0.208398 0.637500 0.007422 0.058333
1 0.190820 0.650347 0.007422 0.082639
1 0.170313 0.659028 0.008594 0.094444
1 0.146484 0.663542 0.011719 0.100694
1 0.103125 0.769444 0.020313 0.133333
1 0.121484 0.669444 0.015625 0.106944
1 0.087891 0.676042 0.010156 0.111806
