1 0.957938 0.852444 0.056988 0.265038
1 0.917232 0.769737 0.051560 0.227444
1 0.878562 0.703008 0.047490 0.210526
1 0.848033 0.646617 0.037992 0.191729
1 0.822252 0.595865 0.032564 0.176692
1 0.799864 0.555451 0.033921 0.163534
1 0.781547 0.520677 0.032564 0.150376
1 0.765943 0.486842 0.025780 0.135338
1 0.755767 0.464286 0.021710 0.139098
1 0.742877 0.440789 0.017639 0.122180
1 0.734735 0.418233 0.017639 0.114662
1 0.727273 0.395677 0.018996 0.107143
1 0.720488 0.381579 0.018996 0.112782
1 0.736771 0.240602 0.010855 0.056391
1 0.746947 0.236842 0.009498 0.052632
1 0.711669 0.354323 0.014925 0.092105
1 0.713026 0.312970 0.012212 0.069549
